0.840400 -0.310600 -0.168500 15 0 898.520796 290.966431 1 917.050644 421.803952 2 880.770663 548.878174 3 795.937639 650.207183 4 677.223646 708.270153 5 545.162096 713.039152 6 422.586157 663.668562 7 330.676409 568.721414 8 285.329368 444.576151 9 294.413180 312.740811 10 356.311808 195.989417 11 460.369899 114.512687 12 588.556528 82.391013 13 718.726292 105.205266 14 828.368474 178.983437
-0.091900 0.120800 -0.053500 15 0 570.729687 444.252288 1 555.266054 428.522528 2 547.537253 407.861501 3 548.865827 385.829260 4 559.054923 366.272386 5 576.321699 352.528445 6 597.675736 347.001565 7 619.427426 350.638122 8 637.837591 362.804743 9 649.687330 381.399810 10 652.961415 403.218767 11 647.056710 424.478807 12 633.035821 441.508477 13 613.288282 451.363997 14 591.257047 452.323103
0.512500 0.226800 -0.916200 15 0 841.247102 506.003604 1 777.281470 594.961033 2 682.647966 650.211697 3 573.739694 662.183953 4 469.369571 628.837010 5 387.580960 555.923331 6 342.532858 456.041409 7 341.989781 346.479018 8 386.059865 246.153574 9 467.132493 172.456549 10 571.169538 138.073965 11 680.189373 148.992758 12 775.350053 203.309886 13 840.189440 291.644974 14 863.509937 398.714741
-0.717500 0.485300 0.557700 15 0 398.419023 538.799745 1 359.395403 444.807103 2 361.969524 343.064623 3 405.702280 251.184911 4 483.026279 185.015348 5 580.585853 156.026741 6 681.499796 169.236111 7 768.314232 222.329633 8 826.023557 306.140487 9 844.657757 406.189589 10 820.980223 505.175414 11 759.099201 585.961686 12 669.711644 634.605844 13 568.262663 642.679202 14 472.302165 608.793063
-0.250400 -0.276500 -0.796900 15 0 484.843968 276.201011 1 545.156023 240.058747 2 614.958791 231.589306 3 682.160352 252.222147 4 735.155359 298.407476 5 764.802055 362.179579 6 765.933560 432.464297 7 738.386721 497.152755 8 686.909829 545.035542 9 620.395532 567.844207 10 550.351577 561.632110 11 488.909017 527.476656 12 446.668088 471.260339 13 430.935120 402.731712 14 444.446009 333.742917
-0.307200 -0.906400 0.540100 15 0 512.582402 146.259168 1 623.357335 132.644255 2 730.088110 165.259615 3 814.324440 238.454914 4 861.498073 339.589064 5 863.454814 451.169951 6 819.857537 553.903784 7 738.255569 630.028731 8 632.744621 666.385617 9 521.569800 656.660980 10 423.961684 602.580281 11 356.781927 513.450761 12 331.658521 404.714554 13 352.946739 295.170669 14 416.945727 203.740855
0.424900 -0.941600 -0.725100 15 0 785.535993 -17.814801 1 939.446930 93.790320 2 1034.646238 258.322734 3 1054.697098 447.362501 4 996.123260 628.190897 5 869.067371 769.595571 6 695.477549 847.067706 7 505.384481 847.242582 8 331.641910 770.092127 9 204.306779 628.944209 10 145.391136 448.209129 11 165.082520 259.143274 12 259.975381 94.431584 13 413.666992 -17.448028 14 599.567161 -57.156006
0.372800 0.454500 -0.832300 15 0 768.498487 609.023441 1 668.930284 659.495967 2 557.413392 665.083578 3 453.282643 624.856555 4 374.505102 545.737130 5 334.721713 441.423687 6 340.806242 329.947866 7 391.723102 230.586576 8 478.631444 160.515391 9 586.531322 131.847393 10 696.765499 149.552672 11 790.265174 210.567167 12 850.872306 304.328745 13 868.085413 414.642355 14 838.960577 522.421977
-0.901900 0.103600 -0.092500 15 0 287.470941 438.970958 1 298.644979 308.499280 2 361.922148 193.842834 3 466.347835 114.818095 4 593.893171 85.123156 5 722.496712 109.852411 6 829.915796 184.768597 7 897.593132 296.905140 8 913.793094 426.856811 9 875.747509 552.161524 10 790.026648 651.165430 11 671.438826 706.743023 12 540.500219 709.263626 13 419.856571 658.323294 14 330.351320 562.730020
-0.906000 0.664000 -0.187600 15 0 279.319007 633.761541 1 211.954878 483.133139 2 211.693975 318.115330 3 278.578811 167.248020 4 401.021482 56.638325 5 557.887560 5.396407 6 722.036401 22.391300 7 865.074551 104.662765 8 962.269832 238.009261 9 996.851006 399.357034 10 962.787733 560.824752 11 866.007021 694.490261 12 723.231874 777.234405 13 559.141157 794.731319 14 402.117812 743.984441
0.943500 0.991700 0.541200 15 0 864.569522 679.278627 1 728.096281 762.748324 2 569.492971 783.485880 3 416.141416 737.936918 4 294.597056 633.936432 5 225.849165 489.486535 6 221.785835 329.561074 7 283.139809 181.816324 8 399.282344 71.803400 9 550.119808 18.531386 10 709.576113 31.224638 11 850.109284 107.679902 12 947.378419 234.676395 13 984.575941 390.267581 14 955.288236 547.538483
-0.702300 -0.691200 -0.525800 15 0 317.052797 121.095734 1 454.967050 30.118930 2 617.938657 3.105664 3 777.808428 44.712879 4 906.944775 147.762034 5 983.003577 294.422201 6 992.832214 459.321108 7 934.743217 613.972944 8 818.782240 731.628894 9 664.977135 791.940487 10 499.931326 784.491365 11 352.198536 710.549761 12 247.321427 582.908392 13 203.412932 423.652127 14 228.071790 260.289979
0.362500 -0.597700 0.281800 15 0 711.315825 217.325954 1 776.001480 278.385622 2 810.247736 360.479535 3 808.139314 449.423612 4 770.036893 529.805447 5 702.554569 587.745043 6 617.323464 613.216097 7 529.097680 601.833871 8 453.133044 555.544530 9 402.565512 482.353942 10 386.134106 394.943803 11 406.678756 308.380781 12 460.662584 237.692794 13 538.725842 195.047457 14 627.390095 187.842511
-0.674400 0.497500 -0.167400 15 0 359.374912 578.346649 1 307.641326 465.053299 2 306.456645 340.524415 3 356.022694 226.263940 4 447.780768 142.059149 5 565.864604 102.434278 6 689.849682 114.290388 7 798.286911 175.520303 8 872.445995 275.582585 9 899.491368 397.159741 10 874.755085 519.219373 11 802.523493 620.668413 12 695.260144 683.956682 13 571.536011 698.156075 14 452.713364 660.792610
-0.536200 -0.624800 0.329500 15 0 441.259952 212.996775 1 531.035845 164.583526 2 632.760592 156.894749 3 728.793519 191.236384 4 802.581972 261.659514 5 841.328869 356.018531 6 838.350097 457.988654 7 794.167558 549.924952 8 716.405635 615.923101 9 618.515182 644.598788 10 517.415879 630.990494 11 430.615858 577.434120 12 373.086450 493.185399 13 354.806546 392.835614 14 378.919246 293.716398
-0.803300 -0.867600 0.861400 15 0 393.280554 177.526880 1 501.650014 112.680814 2 627.023649 97.511138 3 747.706462 134.657477 4 842.868499 217.672636 5 896.030642 332.211771 6 898.002683 458.489507 7 848.463176 574.643524 8 755.947833 660.599746 9 636.475528 701.505798 10 510.681604 690.269749 11 400.339803 628.847679 12 324.531174 527.843038 13 296.352506 404.758277 14 320.668573 280.827566
-0.758300 0.125900 -0.016000 15 0 346.991279 439.436603 1 352.815087 333.128232 2 401.393170 238.361407 3 484.298377 171.559740 4 587.229685 144.260237 5 692.343865 161.169175 6 781.503219 219.378897 7 839.273863 308.810798 8 855.672815 414.018049 9 827.864459 516.803965 10 760.650956 599.393423 11 665.677594 647.498971 12 559.329667 652.817495 13 460.006408 614.420911 14 384.901255 538.938598
0.423900 0.391200 -0.093500 15 0 746.355202 533.926653 1 679.229951 581.884338 2 598.407604 598.374883 3 517.848931 580.586074 4 451.495530 531.558166 5 410.829835 459.775281 6 402.880296 377.673168 7 428.985822 299.422977 8 484.684835 238.563573 9 560.315697 205.614965 10 642.805063 206.288766 11 717.896453 240.436594 12 772.595674 302.190440 13 797.459934 380.856454 14 788.185873 462.824869
0.309600 0.065700 -0.575000 15 0 729.649722 428.492852 1 706.850769 478.763402 2 665.573742 515.409416 3 612.976475 532.095987 4 558.106128 525.962817 5 510.495870 498.039869 6 478.372528 453.160407 7 467.258866 399.079192 8 479.103096 345.177603 9 511.867282 300.757162 10 559.854409 273.480978 11 614.787403 268.079391 12 667.161093 285.513592 13 707.923828 322.718410 14 730.020889 373.286421
0.865000 0.245000 -0.778600 15 0 986.942337 514.420414 1 906.942046 661.914099 2 773.887867 764.111169 3 610.754815 803.353094 4 445.763936 772.860193 5 307.435942 677.882510 6 219.701637 534.867219 7 197.738969 368.532928 8 245.301458 207.627402 9 354.213048 80.004169 10 505.621321 7.691676 11 673.349517 3.225081 12 828.394064 67.360203 13 943.931427 189.006704 14 1000.011116 347.139038
0.130000 0.540200 0.215500 15 0 640.814686 570.762310 1 567.830881 572.609475 2 500.408382 544.594908 3 450.212958 491.597124 4 425.903251 422.756960 5 431.696050 349.962728 6 466.596836 285.841975 7 524.562868 241.451931 8 595.566507 224.472904 9 667.348570 237.856729 10 727.474664 279.263662 11 765.560383 341.545149 12 775.033849 413.937961 13 754.216035 483.937872 14 706.748178 539.392911
0.545900 0.824100 -0.567300 15 0 827.947538 738.834049 1 670.433652 802.252207 2 500.726097 796.122198 3 348.203210 721.486633 4 239.201819 591.282408 5 192.599957 428.002825 6 216.424716 259.855624 7 306.595273 115.973081 8 447.475839 21.173390 9 614.748005 -8.103026 10 779.469104 33.173727 11 913.150632 137.890969 12 992.695330 287.919821 13 1004.327951 457.313277 14 946.062876 616.814818
0.740800 -0.879700 -0.988500 15 0 967.165079 -40.308307 1 1114.500305 147.096924 2 1172.883647 378.231153 3 1132.215036 613.127164 4 999.514599 811.183742 5 797.736203 938.129660 6 561.766309 972.024365 7 332.402046 907.006154 8 149.315532 754.329903 9 44.150670 540.402685 10 35.111818 302.176547 11 123.730886 80.868111 12 294.712406 -85.246506 13 518.480932 -167.474867 14 756.344731 -151.562127
0.891400 0.922900 0.876200 15 0 832.118504 639.609139 1 714.587226 713.303109 2 577.260362 732.825069 3 443.857852 694.799254 4 337.447029 605.797419 5 276.427982 481.214777 6 271.368956 342.590026 7 323.135362 213.885781 8 422.764880 117.362239 9 553.039612 69.721331 10 691.449914 79.175384 11 814.037418 144.108065 12 899.605376 253.291550 13 933.380668 387.827107 14 909.505159 524.475949
-0.822000 0.583100 -0.724000 15 0 239.494362 653.847524 1 167.398427 485.272761 2 170.118083 301.945375 3 247.154389 135.587056 4 385.209513 14.923368 5 560.407093 -39.149553 6 742.442815 -17.282770 7 899.856205 76.742544 8 1005.405201 226.655447 9 1040.863322 406.522509 10 1000.095245 585.283329 11 890.140259 732.008009 12 730.033212 821.315881 13 547.414310 837.780998 14 373.904765 778.535923
-0.425500 0.674100 0.589400 15 0 482.142872 588.354302 1 415.720626 524.135970 2 381.171499 438.446115 3 384.445882 346.118228 4 424.988355 263.096741 5 495.821120 203.759884 6 584.643954 178.337333 7 676.117748 191.250271 8 754.447155 240.260468 9 806.058440 316.901223 10 822.058708 407.884314 11 799.648421 497.532197 12 742.722852 570.291314 13 661.102063 613.619003 14 568.933005 620.012336
0.547600 -0.312600 0.457200 15 0 758.508381 312.205763 1 780.520759 384.263429 2 771.308790 459.033214 3 732.491940 523.617416 4 670.753695 566.807441 5 596.777092 581.168286 6 523.375658 564.192881 7 463.215208 518.838080 8 426.700050 452.930586 9 420.162918 377.873935 10 444.707427 306.631752 11 496.112582 251.536390 12 565.480103 222.123006 13 640.813711 223.455298 14 709.097686 255.319824
0.905300 0.845300 -0.333100 15 0 940.305536 716.382255 1 782.210512 827.444800 2 592.600078 864.600201 3 404.265334 821.421360 4 249.773394 705.371649 5 155.844754 536.540410 6 138.712609 344.083870 7 201.350053 161.286593 8 332.905836 19.784319 9 510.651552 -55.990491 10 703.830910 -52.913865 11 879.083879 28.472530 12 1006.055869 174.115406 13 1062.837231 358.797522 14 1039.582854 550.601242
-0.536000 -0.650000 0.323800 15 0 440.975470 205.663303 1 533.765024 157.792055 2 638.008769 151.785070 3 735.670550 188.700702 4 809.893713 262.165124 5 847.798768 359.446871 6 842.877969 463.738844 7 795.949285 557.024082 8 715.152735 623.150385 9 614.433165 650.682604 10 511.225162 634.885726 11 423.358607 578.455501 12 366.038946 491.192647 13 349.184516 388.142113 14 375.685622 287.151372
0.648200 -0.165800 -0.546000 15 0 861.948912 329.702949 1 867.887030 442.327403 2 827.523408 547.626831 3 747.802462 627.403649 4 642.526507 667.855926 5 529.903550 662.002385 6 429.388352 610.831879 7 358.379442 523.208120 8 329.157454 414.299966 9 346.752323 302.894574 10 408.155337 208.288766 11 502.713318 146.836917 12 614.093050 129.150549 13 723.045383 158.306086 14 810.712370 229.237700
-0.538000 0.552200 0.949300 15 0 463.690545 541.630052 1 417.873214 473.944726 2 403.543307 393.462421 3 423.188158 314.133249 4 473.399856 249.636038 5 545.499336 211.139818 6 627.031117 205.302324 7 703.882625 233.121906 8 762.780957 289.810551 9 793.514514 365.538202 10 790.810119 447.227731 11 755.092369 520.762751 12 692.579167 573.409673 13 614.047286 596.068700 14 533.083631 584.822360
-0.498600 0.036200 0.434800 15 0 454.721788 412.247042 1 462.309849 352.106852 2 493.694337 300.240937 3 543.464515 265.613403 4 602.998866 254.248928 5 662.023327 268.054621 6 710.324537 304.703050 7 739.551480 357.811487 8 744.655765 418.215402 9 724.722876 475.484929 10 683.257386 519.691437 11 627.367214 543.206498 12 566.763684 541.942876 13 511.904420 516.157795 14 472.267758 470.289543
0.979000 -0.488600 0.129800 15 0 914.887500 245.755100 1 950.398954 387.163983 2 925.316603 530.797938 3 843.995228 651.801895 4 720.476635 729.273425 5 576.140258 749.804279 6 435.915426 709.866601 7 324.067983 616.343319 8 259.931684 485.411053 9 254.590831 339.692661 10 308.983242 204.430921 11 413.683220 102.960816 12 550.608314 52.866343 13 696.082987 62.796353 14 824.925134 131.017514
0.072500 -0.384100 -0.463800 15 0 631.259600 245.327978 1 691.462925 271.412326 2 735.841348 319.736270 3 756.745225 381.926262 4 750.546621 447.244388 5 718.323176 504.403255 6 665.633025 543.500104 7 601.591815 557.787801 8 537.276660 544.781420 9 483.808013 506.764626 10 450.434424 450.268367 11 442.909450 385.093970 12 462.568037 322.476629 13 505.974815 273.278018 14 565.647466 245.996685
0.891900 -0.084300 -0.719400 15 0 989.147000 361.967898 1 970.990597 523.532070 2 888.675105 663.744076 3 756.442186 758.363098 4 597.155820 791.007940 5 438.369011 756.041619 6 307.518501 659.511614 7 227.266885 518.123815 8 211.441505 356.294110 9 262.800703 202.036982 10 372.477790 82.001383 11 521.496802 16.947816 12 684.068210 18.144009 13 832.133509 85.346193 14 940.036877 206.960879
-0.934100 -0.517400 -0.865400 15 0 161.672343 162.140233 1 296.323805 4.432993 2 483.460517 -84.893900 3 690.761001 -90.367296 4 882.360179 -11.058463 5 1025.148325 139.334321 6 1094.401511 334.796057 7 1078.194655 541.511978 8 979.292370 723.780850 9 814.796917 850.065384 10 613.178132 898.515946 11 409.259284 860.771150 12 238.351627 743.374422 13 129.958829 566.588546 14 102.839703 360.984979
0.571600 -0.293000 0.168000 15 0 779.082035 308.405069 1 800.856419 389.163754 2 787.901776 471.802776 3 742.453852 542.025620 4 672.379909 587.691382 5 589.779928 600.901095 6 508.944865 579.372583 7 443.877262 526.832464 8 405.770776 452.369516 9 401.275386 368.829568 10 431.120537 290.710136 11 490.175316 231.472463 12 568.233162 201.373060 13 651.767773 205.621164 14 726.360405 243.480450
0.736600 0.759300 -0.361000 15 0 881.157609 684.960023 1 740.955416 774.679112 2 576.376127 799.619346 3 415.869652 755.470888 4 287.218632 649.839689 5 212.636944 501.023647 6 205.030148 334.728991 7 265.721895 179.723788 8 384.220039 62.812430 9 540.021914 4.209331 10 706.202547 14.032330 11 853.997136 90.593797 12 957.888378 220.645066 13 999.906109 381.728082 14 972.769654 545.964380
0.213600 0.656800 0.234000 15 0 668.769491 600.440999 1 581.290058 611.081700 2 497.064576 585.220317 3 430.618614 527.332567 4 393.468945 447.438380 5 392.043612 359.336480 6 426.565171 278.273715 7 491.073763 218.242148 8 574.402450 189.655181 9 662.186664 197.436084 10 739.198298 240.243121 11 792.143671 310.652786 12 811.873061 396.541535 13 794.963036 483.023052 14 744.350191 555.137737
-0.230800 -0.143300 -0.053600 15 0 522.758428 350.872959 1 549.416006 323.706022 2 584.830191 309.738148 3 622.855608 311.358135 4 656.928397 328.319292 5 681.158197 357.668280 6 691.358218 394.334853 7 685.759050 431.983548 8 665.326721 464.106388 9 633.609787 485.144649 10 596.073975 491.452662 11 559.218076 481.950526 12 529.411759 458.278404 13 511.826171 424.533277 14 509.470316 386.544559
0.844400 -0.460100 0.288300 15 0 858.824594 258.699892 1 893.915476 376.193677 2 878.190896 497.813386 3 814.355513 602.500965 4 713.452226 672.178635 5 592.949442 694.798011 6 473.641399 666.440973 7 376.201851 592.012186 8 317.457304 484.394931 9 307.543440 362.171943 10 348.215464 246.491998 11 432.435524 157.354650 12 545.598254 110.176228 13 668.188983 113.110504 14 778.993434 165.648722
-0.367600 0.975800 0.814500 15 0 504.366564 654.125877 1 409.275796 593.264081 2 347.152467 498.983968 3 328.754849 387.578815 4 357.268470 278.332377 5 427.725606 190.132524 6 527.990640 138.197355 7 640.696880 131.555370 8 746.371228 171.299513 9 826.729996 250.608192 10 867.884930 355.746999 11 862.726664 468.547264 12 812.140552 569.468862 13 724.870223 641.102072 14 615.997834 671.042531
0.373700 0.064000 0.720900 15 0 701.298729 416.119165 1 685.969437 455.923990 2 655.788525 486.058994 3 615.962338 501.320729 4 573.386994 499.039717 5 535.395139 479.668909 6 508.585356 446.487601 7 497.579780 405.293301 8 504.266505 363.171405 9 527.539282 327.426100 10 563.309031 304.227925 11 605.445107 297.571809 12 646.638895 308.639405 13 679.752857 335.508066 14 699.079424 373.534183
-0.408700 0.102100 0.513600 15 0 481.425240 429.288224 1 479.766571 378.526160 2 498.889838 331.474752 3 535.500545 296.277991 4 583.275932 279.021307 5 633.919580 282.665838 6 678.709017 306.605456 7 709.877719 346.699896 8 722.059357 396.006510 9 713.137855 445.989277 10 684.637780 488.032438 11 641.520712 514.862184 12 591.213143 521.816752 13 542.430998 507.714799 14 503.588413 474.970215
-0.714100 0.713800 0.991500 15 0 421.671329 580.085677 1 363.849449 491.991916 2 346.847484 387.971673 3 373.616756 286.051810 4 439.543365 203.819100 5 533.212361 155.522023 6 638.424984 149.483158 7 736.996208 186.775116 8 811.882877 260.929221 9 850.114624 359.121242 10 845.125910 464.388300 11 797.733167 558.537426 12 716.168108 625.253612 13 614.494768 653.027269 14 510.330511 637.048658
-0.468400 0.190900 0.302500 15 0 459.646241 456.687744 1 448.739456 394.705486 2 463.956986 333.624018 3 502.715898 284.049612 4 558.302382 254.499493 5 621.080431 250.115459 6 680.223315 271.650457 7 725.487538 315.371552 8 749.057406 373.726017 9 746.865670 436.633457 10 719.270728 493.208998 11 671.035029 533.651957 12 610.542376 551.002230 13 548.210296 542.224671 14 494.844348 508.876049
-0.566100 -0.891000 -0.356800 15 0 389.670069 66.028847 1 543.692275 9.367764 2 707.450344 20.229190 3 852.628706 96.770556 4 954.116332 225.732856 5 994.376454 384.831845 6 966.465146 546.560216 7 875.164672 682.938056 8 736.302550 770.388027 9 573.867895 793.812228 10 415.940277 749.137208 11 289.843279 644.077920 12 217.379284 496.834454 13 211.080344 332.842217 14 272.021173 180.462017
0.553600 0.217400 -0.596800 15 0 831.368445 487.814308 1 775.664927 574.316887 2 689.562781 630.696940 3 587.987831 647.194553 4 488.498379 620.936814 5 408.267765 556.484291 6 361.207009 464.959669 7 355.425825 362.210259 8 391.925490 266.005708 9 464.415921 192.968969 10 560.347991 155.726901 11 663.140064 160.703244 12 755.009795 207.077900 13 820.083479 286.806639 14 847.093101 386.107417
-0.941800 0.833900 -0.011900 15 0 287.074660 676.770062 1 201.556241 525.574358 2 184.934173 352.664050 3 240.067625 187.916170 4 357.453107 59.871623 5 516.763361 -9.383813 6 690.466620 -7.850962 7 848.542623 64.208828 8 963.619924 194.329690 9 1015.837990 360.022509 10 996.154579 532.614751 11 907.973939 682.281005 12 766.520905 783.122722 13 596.295250 817.743240 14 426.708803 780.119568
-0.658200 0.315200 0.047600 15 0 384.990428 500.946008 1 362.526176 404.767634 2 381.116296 307.762612 3 437.541263 226.711961 4 522.077328 175.610282 5 620.083031 163.313049 6 714.620115 191.951651 7 789.323264 256.556604 8 831.297146 345.949401 9 833.275354 444.717996 10 794.926940 535.739443 11 722.871609 603.272315 12 629.569940 635.674884 13 531.148691 627.324337 14 444.631517 579.682922
0.583200 -0.861300 0.224200 15 0 778.768450 129.974478 1 873.136857 226.036610 2 920.283356 352.184382 3 912.054132 486.585134 4 849.860079 606.017355 5 744.453411 689.831995 6 614.088327 723.523282 7 481.276353 701.285138 8 368.995596 626.941097 9 296.666900 513.370326 10 276.765839 380.187527 11 312.781516 250.437908 12 398.434292 146.541480 13 518.955872 86.477570 14 653.493821 80.621718
-0.955500 -0.663400 0.960300 15 0 355.762936 231.687880 1 445.330148 146.890245 2 561.640984 105.870858 3 684.597535 115.693976 4 792.913427 174.696795 5 867.882494 272.636364 6 896.527405 392.613598 7 873.908386 513.854343 8 803.917996 615.410562 9 698.656294 679.734147 10 576.363470 695.674255 11 458.148347 660.502957 12 364.443129 580.278999 13 311.493869 468.892462 14 308.408379 345.583358
0.880400 0.810400 -0.454700 15 0 946.574298 716.289589 1 787.959635 829.903662 2 596.861618 869.194277 3 406.291106 827.345757 4 249.212548 711.620380 5 152.795704 541.995123 6 133.706839 347.826979 7 195.228314 162.680141 8 326.759190 18.565414 9 505.520289 -59.586506 10 700.629898 -58.292612 11 878.335825 22.251560 12 1007.907468 168.114581 13 1066.949105 354.070529 14 1045.267763 547.983526
-0.425700 0.007600 -0.573800 15 0 422.046594 405.770847 1 435.086883 332.896667 2 476.633865 271.615520 3 539.507139 232.551616 4 612.854079 222.423024 5 683.979826 242.992582 6 740.573075 290.735178 7 772.862624 357.350544 8 775.269627 431.338991 9 747.359180 499.921225 10 693.972480 551.225871 11 624.339742 576.367755 12 550.500312 571.020935 13 485.214234 536.120594 14 439.791241 477.657152
-0.695900 0.573400 0.609900 15 0 406.888343 556.767355 1 359.818729 464.666580 2 354.276925 361.384671 3 391.230949 264.782821 4 464.284555 191.545114 5 560.784355 154.360223 6 664.085012 159.648542 7 756.297380 206.507704 8 821.487118 286.807198 9 848.384900 386.681757 10 832.335402 488.859622 11 776.098458 575.674978 12 689.414695 632.119425 13 587.288333 648.420681 14 487.339344 621.770230
0.380900 0.753300 -0.318800 15 0 743.712575 680.312171 1 617.276144 714.534791 2 487.856508 694.363982 3 377.812519 623.294185 4 306.194866 513.630072 5 285.388846 384.292255 6 318.967231 257.701942 7 401.147455 155.690895 8 517.699725 95.922646 9 648.502838 88.753378 10 770.900579 135.377674 11 863.747225 227.781667 12 910.997937 349.949324 13 904.481657 480.766269 14 845.302896 597.633950
-0.012700 0.622400 0.123800 15 0 595.518731 602.054312 1 513.731937 582.765784 2 446.839675 531.871457 3 406.448703 458.172709 4 399.520123 374.422085 5 427.265598 295.093666 6 484.870212 233.912909 7 562.384994 201.441010 8 646.395522 203.288792 9 722.379223 239.173438 10 777.221571 302.856223 11 801.410252 383.329907 12 790.778632 466.691233 13 747.155376 538.534999 14 678.086354 586.395878
-0.542900 0.708500 -0.247800 15 0 404.569028 657.788204 1 316.611989 556.020471 2 277.659426 427.258875 3 294.427660 293.800517 4 364.048178 178.699354 5 474.452881 101.855428 6 606.588487 76.574119 7 737.564726 107.198158 8 844.757425 188.468934 9 909.644578 306.311993 10 920.981491 440.357068 11 876.810125 567.421210 12 784.778548 665.535567 13 660.806615 717.728549 14 526.311744 714.998753
0.507900 -0.076600 0.887300 15 0 732.197946 377.882658 1 729.769260 433.563130 2 704.898242 483.447341 3 661.896599 518.898585 4 608.173735 533.792432 5 553.058089 525.543255 6 506.041344 495.596001 7 475.276847 449.116749 8 466.084507 394.144013 9 480.047499 340.182045 10 514.740565 296.567587 11 564.177596 270.826869 12 619.822111 267.434511 13 672.021993 286.956902 14 711.779567 326.022022
0.783000 -0.304800 0.032900 15 0 857.910238 301.187971 1 875.805836 414.618780 2 846.014605 525.551144 3 773.677887 614.738286 4 671.316687 666.813507 5 556.615464 672.763816 6 449.428807 631.540028 7 368.282141 550.277395 8 327.190674 443.027108 9 333.265413 328.356454 10 385.476198 226.045713 11 474.765458 153.836193 12 585.723454 124.182361 13 699.140138 142.214706 14 795.417000 204.828140
0.860000 0.031700 0.501800 15 0 845.077136 411.712540 1 819.124808 510.387279 2 755.278111 589.950758 3 664.585606 636.704897 4 562.745927 642.513275 5 467.325611 606.375432 6 394.841093 534.580650 7 357.845252 439.503280 8 362.724534 337.591365 9 408.613028 246.482152 10 487.613753 181.909628 11 586.034999 155.053872 12 686.875137 170.546361 13 772.691560 225.714138 14 828.649445 311.023273
-0.328500 -0.052800 0.427700 15 0 503.765233 386.250790 1 517.676082 348.303522 2 545.830587 319.284283 3 583.328730 304.236549 4 623.730961 305.745997 5 660.018783 323.543457 6 685.929665 354.562830 7 696.980978 393.430500 8 691.272575 433.459122 9 669.776238 467.673214 10 636.208884 490.209453 11 596.392653 497.142448 12 557.188334 487.272617 13 525.394895 462.319028 14 506.507601 426.587989
-0.312400 -0.538700 -0.449800 15 0 480.495293 188.003304 1 577.034674 157.720488 2 677.578168 169.327014 3 764.686247 220.820333 4 823.323215 303.292155 5 843.345994 402.498245 6 821.296989 501.260765 7 760.969260 582.509912 8 672.827113 632.211272 9 572.076798 641.760824 10 476.170312 609.494150 11 401.670137 541.018847 12 361.458773 448.146873 13 362.497739 346.973294 14 404.584488 254.947521
0.409400 0.106400 0.826500 15 0 708.479076 427.372100 1 687.953151 469.123412 2 652.230799 498.924915 3 607.476330 511.630253 4 561.429906 505.024015 5 522.049956 480.261539 6 496.152717 441.604156 7 488.195656 395.769638 8 499.588351 350.672473 9 528.343232 314.097644 10 569.467968 292.371661 11 615.882132 289.265632 12 659.557545 305.286347 13 692.921719 337.702175 14 710.230962 380.884042
0.798000 0.316000 0.976100 15 0 801.249705 481.060452 1 750.891509 555.896933 2 674.426858 603.790573 3 585.108035 616.448247 4 498.362625 591.688166 5 429.180466 533.766511 6 389.548806 452.718823 7 386.281629 362.568877 8 419.994057 278.872565 9 484.816141 216.125527 10 569.575829 185.187737 11 659.571485 191.374044 12 739.278714 233.643050 13 794.907808 304.667888 14 816.829934 392.190607
0.344700 0.921100 0.778600 15 0 691.193503 643.897439 1 584.107636 659.916157 2 479.775940 630.976034 3 396.223722 562.114539 4 347.905266 465.212762 5 343.168340 357.026728 6 382.852566 256.293600 7 460.075730 180.386708 8 561.506067 142.465021 9 669.578379 149.076064 10 765.625857 199.072533 11 833.038497 283.813843 12 860.150330 388.629658 13 842.272611 495.431040 14 782.526855 585.730574
0.860600 0.606600 0.595900 15 0 838.100484 570.520504 1 748.160987 652.627487 2 632.606129 691.039528 3 511.418243 679.147436 4 405.526179 618.984971 5 333.265780 520.955194 6 307.147121 402.009143 7 331.644578 282.721287 8 402.545337 183.700412 9 507.585659 122.099133 10 628.610036 108.541102 11 744.698893 145.365470 12 835.750493 226.240785 13 886.050620 337.144252 14 886.878861 458.935096
-0.878100 -0.548900 0.118000 15 0 319.275766 227.468289 1 413.707428 128.188931 2 540.370926 75.935586 3 677.344548 79.698050 4 800.932003 138.837274 5 889.789893 243.157738 6 928.523959 374.565862 7 910.464701 510.395089 8 838.715726 627.122017 9 725.708153 704.590274 10 590.953741 729.387773 11 457.750913 697.225107 12 349.151874 613.667625 13 283.943327 493.180133 14 273.370943 356.558952
0.101700 -0.947200 0.212400 15 0 631.361060 105.910421 1 748.279981 144.087837 2 839.548290 226.520326 3 889.402200 338.941370 4 889.216984 461.943587 5 839.023704 574.216540 6 747.490379 656.360938 7 630.461372 694.191455 8 508.167374 681.150148 9 401.750923 619.493853 10 329.618637 519.893839 11 304.230940 399.539925 12 329.978138 279.291618 13 402.427827 179.897482 14 509.035593 118.562560
0.882000 -0.322700 0.544400 15 0 846.751947 310.492741 1 861.829104 418.604690 2 831.613523 523.482909 3 761.363588 607.011147 4 663.205545 654.749939 5 554.135950 658.437310 6 452.984217 617.439585 7 377.241672 538.838210 8 340.039436 436.243640 9 347.758943 327.369146 10 399.121704 231.063049 11 485.204180 163.960125 12 591.126505 137.662881 13 698.609476 156.747512 14 789.018312 217.885616
-0.613700 -0.081700 0.983800 15 0 444.998251 379.366978 1 466.795111 318.093642 2 511.619146 271.005720 3 571.729749 246.211066 4 636.718887 247.991452 5 695.368348 276.084586 6 737.529874 325.581104 7 755.912137 387.950635 8 747.320687 452.415398 9 713.281509 507.811207 10 659.627001 544.548936 11 595.685015 556.319255 12 532.481417 541.045845 13 480.945164 501.393236 14 449.991904 444.206642
-0.075300 0.669100 -0.096800 15 0 574.499528 628.037359 1 483.957223 597.952097 2 413.466862 533.654607 3 375.242899 446.233763 4 375.871390 350.820504 5 415.266538 263.904578 6 486.589024 200.528340 7 577.528161 171.634811 8 672.336108 182.233712 9 754.651173 230.500356 10 810.229133 308.056163 11 829.450654 401.504663 12 809.000076 494.710882 13 752.409193 571.537625 14 669.463337 618.699740
0.014300 -0.351700 0.916800 15 0 604.860278 309.432154 1 641.274729 319.244074 2 670.549940 343.013881 3 687.628313 376.641930 4 689.548278 414.294675 5 675.991784 449.491907 6 649.292186 476.117154 7 614.071671 489.582258 8 576.407103 487.570816 9 542.845733 470.410802 10 519.150438 441.073739 11 509.428884 404.635572 12 515.367990 367.399161 13 535.953984 335.794854 14 567.599789 315.300424
0.553900 -0.104500 0.476100 15 0 760.808931 372.102761 1 758.255114 439.924810 2 728.342928 500.837628 3 676.231135 544.318769 4 610.935012 562.861892 5 543.758476 553.220654 6 486.302412 517.099115 7 448.505115 460.724074 8 436.895498 393.867893 9 453.499166 328.040657 10 495.427492 274.683685 11 555.435274 242.985175 12 623.152956 238.434998 13 686.864867 261.816939 14 735.557622 309.105551
-0.507700 -0.655400 0.831300 15 0 465.291824 227.517330 1 547.092575 187.644506 2 638.040809 184.469808 3 722.417808 218.581481 4 785.614042 284.071617 5 816.728960 369.582984 6 810.370233 460.359187 7 767.630523 540.718380 8 695.890249 596.724508 9 607.590367 618.728989 10 517.974116 602.905786 11 442.540492 551.998407 12 394.334868 474.814112 13 381.683344 384.685411 14 406.775291 297.222494
-0.639400 -0.368600 0.874500 15 0 436.517054 305.513784 1 489.068448 247.179212 2 560.813119 215.275231 3 639.335562 215.308302 4 711.060578 247.288193 5 763.566551 305.653436 6 787.797352 380.355747 7 779.564791 458.430537 8 740.266950 526.421320 9 676.724941 572.535534 10 599.921395 588.826581 11 523.114100 572.480141 12 459.616491 526.283232 13 420.390488 458.273278 14 412.205681 380.183373
0.259700 0.765600 0.218500 15 0 681.223827 638.989560 1 576.989018 651.357368 2 476.735339 620.280513 3 397.792074 551.090496 4 353.833791 455.789873 5 352.406523 350.841233 6 393.819958 254.380203 7 470.865026 183.105843 8 570.249310 149.338694 9 674.782506 158.904495 10 766.372350 210.169907 11 829.195725 294.243729 12 852.390335 396.617145 13 831.953315 499.563010 14 771.401703 585.291532
-0.806000 0.831700 0.166500 15 0 342.966324 660.190639 1 259.361236 533.147604 2 234.668567 383.087074 3 273.119660 235.950062 4 368.105360 117.185993 5 503.193480 47.315352 6 655.011747 38.424476 7 797.309234 92.063465 8 905.502867 198.950809 9 960.868071 340.583262 10 953.829796 492.508009 11 885.625717 628.420620 12 768.031398 724.837361 13 621.371373 765.094928 14 471.029769 742.237345
0.771200 0.727000 0.367800 15 0 829.917526 615.413907 1 722.427099 690.298458 2 593.765374 714.995751 3 466.177600 685.244000 4 361.731613 606.142762 5 298.492850 491.417289 6 287.375521 360.880315 7 330.321689 237.104849 8 419.891425 141.488573 9 540.590616 90.586278 10 671.585624 93.168303 11 790.191879 148.811427 12 875.907337 247.883299 13 913.934674 373.272327 14 897.654571 503.267059
-0.113700 0.705900 0.176300 15 0 565.070773 624.031977 1 476.965634 590.456531 2 410.136483 523.955821 3 376.133604 436.004405 4 380.845270 341.836124 5 423.444042 257.728049 6 496.578273 198.218564 7 587.588582 173.592679 8 680.737768 188.115103 9 759.948615 239.275453 10 811.495685 318.228474 11 826.460092 411.316604 12 802.283635 502.454001 13 743.130128 575.873592 14 659.222115 618.877323
0.121900 0.468100 0.909800 15 0 629.344020 517.886416 1 578.864429 519.625001 2 532.018341 500.685450 3 496.959958 464.339865 4 479.688076 416.863400 5 483.244466 366.463432 6 506.967760 321.874039 7 546.785491 290.789009 8 595.804552 278.588996 9 645.544094 287.388639 10 687.425014 315.638152 11 714.167211 358.499961 12 721.187868 408.526541 13 707.234791 457.078939 14 674.758830 495.761661
0.171500 0.078500 -0.393100 15 0 663.847054 433.855654 1 644.565293 456.897870 2 617.562822 470.100636 3 587.549841 471.185537 4 559.668319 459.957511 5 538.769894 438.374414 6 528.446806 410.148614 7 530.519827 380.174528 8 544.576849 353.624404 9 568.237947 335.092759 10 597.392052 327.785832 11 626.995501 332.963616 12 651.911952 349.739036 13 667.872110 375.208859 14 672.084235 404.948730
-0.589700 0.226800 -0.110000 15 0 394.409266 475.534591 1 381.460770 385.400903 2 406.287482 297.775170 3 464.625534 227.810926 4 546.368455 187.650175 5 637.364258 184.180508 6 721.916062 218.038321 7 785.386207 283.368235 8 816.797273 368.845388 9 810.733626 459.728867 10 768.209776 540.263201 11 696.619268 596.563576 12 608.310012 618.878795 13 518.577693 603.325886 14 442.914619 552.629358
-0.767400 -0.396400 0.407000 15 0 375.488613 284.519564 1 441.868655 203.178739 2 535.607741 155.875858 3 640.462810 150.800066 4 738.319543 188.784899 5 812.267394 263.303721 6 849.502880 361.474442 7 843.613313 466.275888 8 795.593194 559.630576 9 713.741850 625.393274 10 612.243993 652.164415 11 508.613165 635.356719 12 420.783346 577.831954 13 363.953695 489.564759 14 347.927206 385.816426
0.745800 0.757800 0.866800 15 0 791.620912 594.717393 1 695.849443 655.819817 2 583.518178 672.704846 3 474.011180 642.418801 4 386.303837 570.212927 5 335.554250 468.595914 6 330.526477 355.097335 7 372.081356 249.379939 8 453.053195 169.699875 9 559.432765 129.838555 10 672.833838 136.687793 11 773.624779 189.077448 12 844.407966 277.930916 13 872.927225 387.898024 14 854.247198 499.957717
-0.310300 0.775100 0.645000 15 0 516.500581 611.328651 1 437.777395 559.106070 2 387.071428 479.366574 3 373.202168 385.900455 4 398.542651 294.882735 5 458.718032 222.024549 6 543.337262 179.945724 7 637.724464 175.930211 8 725.599429 210.647760 9 791.762581 278.107355 10 824.762287 366.644400 11 818.910243 460.948706 12 775.197108 544.717215 13 701.184403 603.450585 14 609.684568 627.017910
0.359000 0.734100 -0.997600 15 0 779.969420 767.905411 1 614.772139 809.276679 2 447.013584 779.914513 3 305.725551 684.833257 4 215.311209 540.526243 5 191.407789 371.893380 6 238.169479 208.153137 7 347.483397 77.564919 8 500.467785 2.719093 9 670.649231 -3.413172 10 828.630692 60.199209 11 947.076182 182.576985 12 1005.497019 342.535668 13 993.822964 512.424250 14 914.046060 662.884629
-0.251200 0.629000 0.127100 15 0 519.173161 601.722279 1 444.109159 551.426964 2 396.005267 474.913638 3 383.171307 385.482503 4 407.829428 298.544284 5 465.713387 229.148187 6 546.802571 189.283466 7 637.118689 185.877507 8 720.991822 219.481185 9 783.955018 284.306796 10 815.110952 369.126033 11 809.066270 459.284570 12 766.890344 539.198655 13 695.834371 595.040112 14 608.210254 617.172620
0.055700 -0.347700 0.613700 15 0 615.186470 301.372715 1 653.997708 316.081958 2 683.455588 345.307327 3 698.488147 383.977273 4 696.488901 425.427309 5 677.809388 462.459337 6 645.670172 488.714512 7 605.644540 499.627307 8 564.635043 493.300448 9 529.743538 470.847034 10 506.991542 436.145848 11 500.333220 395.199831 12 510.896172 355.071566 13 536.868610 322.722678 14 573.764761 303.720557
-0.354500 -0.630400 -0.407200 15 0 463.059393 153.961584 1 574.972391 119.542706 2 691.196841 133.602618 3 791.668221 193.737265 4 859.005048 289.525927 5 881.545755 404.416106 6 855.411985 518.557139 7 785.102269 612.195426 8 682.800440 669.139904 9 566.181012 679.548457 10 455.399652 641.610111 11 369.624024 561.909655 12 323.694390 454.203556 13 325.536340 337.141330 14 374.830440 230.927416
0.998800 -0.670100 -0.586000 15 0 1008.418442 121.124712 1 1086.527393 311.354061 2 1080.532299 516.902289 3 991.445068 702.246841 4 834.659785 835.330674 5 637.315815 893.141338 6 433.496253 865.672159 7 258.498798 757.707165 8 142.521651 587.864109 9 105.661834 385.548842 10 154.277044 185.738250 11 279.951354 22.964780 12 460.981403 -74.607554 13 666.027080 -90.119449 14 859.677481 -20.877616
-0.841800 0.194700 -0.369200 15 0 280.947694 470.186194 1 279.992668 334.353345 2 334.360031 209.864785 3 434.652842 118.266479 4 563.553650 75.369124 5 698.739827 88.600039 6 816.856323 155.701132 7 897.478851 265.010574 8 926.656907 397.685632 9 899.372423 530.747955 10 820.311379 641.209967 11 703.141309 709.959623 12 568.153618 725.119641 13 438.668551 684.056589 14 337.091627 593.890121
0.757800 -0.699400 -0.383600 15 0 887.690314 131.439360 1 972.034351 271.668062 2 992.075611 434.085016 3 944.304313 590.607937 4 837.015846 714.182894 5 688.729878 783.410243 6 525.102750 786.356370 7 374.440426 722.502784 8 262.777118 602.878101 9 209.416859 448.175433 10 223.578408 285.135498 11 302.852799 141.968167 12 433.484664 43.405100 13 592.917569 6.508862 14 753.574295 37.656973
-0.158800 0.569300 -0.810100 15 0 527.696607 663.301001 1 426.859285 611.124456 2 355.942467 522.457965 3 327.234135 412.589533 4 345.708185 300.558903 5 408.129908 205.738069 6 503.740915 144.490750 7 615.989483 127.414091 8 725.465003 157.494247 9 813.264093 229.482773 10 864.187585 330.965530 11 869.408100 444.395195 12 828.063051 550.122144 13 747.283962 629.922220 14 641.044422 669.947924
-0.041600 -0.705200 0.759900 15 0 589.377607 210.571958 1 667.331212 222.628421 2 733.662412 265.361676 3 776.865146 331.356932 4 789.507869 409.222347 5 769.359048 485.503726 6 719.935010 547.003879 7 649.783777 583.069451 8 571.004758 587.496403 9 497.251225 559.504558 10 441.274545 503.910717 11 412.716577 430.360400 12 416.552012 351.567173 13 452.108296 281.152765 14 513.240506 231.268695
0.108700 0.754800 -0.959600 15 0 657.608787 771.584031 1 501.506792 762.900698 2 362.419560 691.454625 3 264.401078 569.621364 4 224.436498 418.456356 5 249.388928 264.103232 6 334.980678 133.250355 7 466.389538 48.513615 8 620.903935 24.566541 9 771.802454 65.511089 10 892.992485 164.307336 11 963.516230 303.861847 12 971.196202 460.028261 13 914.697887 605.815095 14 803.776048 716.012255
0.292900 0.547300 -0.483800 15 0 715.485736 617.450550 1 617.055705 645.613355 2 515.683996 631.315194 3 428.881420 577.037123 4 371.674743 492.138951 5 353.938804 391.295239 6 378.748807 291.961114 7 441.820644 211.324110 8 532.239031 163.297004 9 634.366677 156.207718 10 730.557260 191.249611 11 804.179289 262.412532 12 842.498660 357.361596 13 838.865748 459.677273 14 793.941180 551.664131
-0.626100 -0.882100 -0.131500 15 0 380.637269 90.465910 1 525.497498 27.996005 2 683.260097 29.856099 3 826.604344 95.732037 4 930.781889 214.205423 5 977.758607 364.802041 6 959.402303 521.480656 7 878.921070 657.163120 8 750.207638 748.387959 9 595.523551 779.350516 10 441.613925 744.737149 11 315.079398 650.520939 12 237.821534 512.963481 13 223.179318 355.884103 14 273.706860 206.438061
0.836800 0.658700 0.880800 15 0 816.947149 571.743268 1 728.339777 645.138379 2 617.528779 676.139752 3 503.692584 659.396936 4 406.519345 597.796085 5 342.796441 501.999678 6 323.535327 388.570970 7 352.096184 277.103900 8 423.516031 186.894483 9 525.438403 133.539279 10 640.268510 126.257254 11 748.121497 166.295151 12 830.381337 246.742648 13 872.786284 353.702781 14 868.037152 468.657736
-0.311500 0.944200 0.159300 15 0 500.608858 695.989927 1 388.796512 629.967535 2 313.523982 524.194568 3 287.783848 396.941152 4 316.025126 270.203151 5 393.366260 165.921779 6 506.440263 102.117383 7 635.679518 89.804704 8 758.767590 131.143032 9 854.388830 218.967010 10 906.032482 338.096394 11 904.754925 467.915182 12 850.786500 586.002728 13 753.450462 671.932216 14 629.592444 710.837539
0.321000 0.093600 0.590600 15 0 690.305562 428.061051 1 671.090176 462.366730 2 639.575075 485.881652 3 601.206486 494.564578 4 562.643564 486.878154 5 530.539094 464.180997 6 510.446026 430.370963 7 505.837774 391.327521 8 517.497471 353.773780 9 543.432874 324.208882 10 579.146444 307.762852 11 618.469198 307.262308 12 654.602752 322.781727 13 681.271243 351.668642 14 693.901462 388.914764
-0.587100 -0.260800 0.736500 15 0 441.358416 332.043624 1 482.715120 273.389076 2 544.348229 236.633629 3 615.611168 228.126213 4 684.163033 249.322858 5 738.162290 296.579365 6 768.293016 361.725401 7 769.306359 433.486573 8 741.040438 499.446104 9 688.398689 548.229864 10 620.480494 571.361511 11 549.000864 564.871723 12 486.353712 529.885298 13 443.347294 472.435183 14 427.441479 402.458579
-0.780700 -0.838600 0.182300 15 0 354.809377 138.095942 1 482.530808 61.007737 2 630.559201 42.534408 3 773.301636 85.885513 4 886.096891 183.527292 5 949.403990 318.609150 6 952.314516 467.758320 7 894.288051 605.193012 8 785.389248 707.148237 9 644.429924 756.004246 10 495.779833 743.291409 11 365.172076 671.218543 12 275.149648 552.261579 13 241.309816 406.966550 14 269.472785 260.465162
0.187700 0.250400 -0.872800 15 0 691.071312 522.058328 1 633.560744 548.554188 2 570.223476 549.363306 3 512.044204 524.348833 4 469.081728 477.825825 5 448.740573 417.847167 6 454.558150 354.772122 7 485.535008 299.543159 8 536.297692 261.667644 9 598.064919 247.712681 10 660.178715 260.092405 11 711.883806 296.654590 12 744.245716 351.097635 13 751.655304 413.999623 14 732.844153 474.460094
-0.982000 -0.665200 -0.005800 15 0 268.454287 176.506584 1 388.020398 60.990742 2 544.230858 4.075366 3 710.095047 15.610643 4 856.921344 93.628007 5 959.327260 224.616190 6 999.581029 385.916345 7 970.765148 549.665092 8 877.844495 687.540524 9 736.860543 775.674786 10 572.224453 798.865526 11 412.396473 753.098313 12 285.006994 646.252742 13 212.061057 496.844433 14 206.209513 330.690707
-0.212100 -0.221800 0.386000 15 0 539.494126 336.830091 1 570.419247 317.676027 2 606.445244 312.778097 3 641.373737 322.927999 4 669.135863 346.417540 5 684.962360 379.179271 6 686.083768 415.539319 7 672.313893 449.212268 8 646.045680 474.355874 9 611.817505 486.657256 10 575.560414 483.974937 11 543.508685 466.779854 12 521.221763 438.035835 13 512.562683 402.704527 14 519.025932 366.909304
0.991600 0.913800 0.113300 15 0 914.533060 691.482321 1 768.787255 794.216407 2 593.852432 828.796599 3 419.979628 789.222699 4 277.241749 682.354829 5 190.294691 526.657218 6 174.200469 349.073197 7 231.720074 180.280064 8 352.943399 49.493462 9 516.854649 -20.702454 10 695.153949 -18.149038 11 857.013976 56.705596 12 974.421194 190.919337 13 1027.084273 361.287239 14 1005.908203 538.344125
-0.808300 0.057700 -0.543600 15 0 273.708874 421.542461 1 293.151773 286.965029 2 365.658052 171.928052 3 478.692390 96.341527 4 612.691121 73.242705 5 744.494974 106.656781 6 851.315037 190.793118 7 914.680126 311.100520 8 923.640882 446.772783 9 876.627177 574.369166 10 781.799352 671.807058 11 655.522790 722.243454 12 519.646222 716.981828 13 397.675828 656.883089 14 310.687002 552.385230
0.731400 0.263700 -0.750900 15 0 924.609155 512.783832 1 850.653310 635.072702 2 733.390944 716.686300 3 593.042562 743.559987 4 453.905859 711.040538 5 340.025102 624.718038 6 271.105702 499.551481 7 259.035066 357.167279 8 305.936717 222.193561 9 403.697991 117.956878 10 535.381043 62.487030 11 678.242688 65.386817 12 807.581490 126.134221 13 901.008721 234.242252 14 942.412050 371.015284
-0.776100 0.598600 -0.230800 15 0 317.035986 616.297948 1 253.521811 482.507574 2 249.919777 334.442814 3 306.832988 197.719392 4 414.450615 95.977669 5 554.153147 46.789139 6 701.783254 58.683218 7 831.806016 129.590739 8 921.762622 247.256603 9 956.074365 391.325596 10 928.801667 536.903913 11 844.696935 658.810609 12 718.279307 735.969147 13 571.393190 755.019205 14 429.475319 712.706535
-0.631700 -0.891800 0.872300 15 0 436.772204 168.242003 1 545.164875 121.879003 2 663.028867 123.617388 3 769.982682 173.157507 4 847.554575 261.900273 5 882.330094 374.528991 6 868.264889 491.561680 7 807.833661 592.766308 8 711.457630 660.628484 9 595.813353 683.428107 10 480.892302 657.238106 11 386.559336 586.556017 12 329.150272 483.607804 13 318.555187 366.220310 14 356.628473 254.664720
0.801400 0.858500 -0.405700 15 0 911.949437 731.276143 1 750.242775 829.517189 2 562.557622 853.490082 3 381.338551 799.048293 4 237.944936 675.612647 5 157.129886 504.514549 6 152.912985 315.351811 7 225.987527 140.817414 8 363.751463 11.112765 9 542.355175 -51.362251 10 730.913777 -35.778592 11 896.853140 55.128700 12 1011.454152 205.684904 13 1054.910985 389.845043 14 1019.720189 575.761204
-0.207300 -0.604300 -0.532100 15 0 515.947051 155.988132 1 622.479088 142.908110 2 725.089974 174.272374 3 806.093524 244.662990 4 851.458023 341.921885 5 853.339968 449.219576 6 811.424286 548.002309 7 732.937305 621.204036 8 631.466573 656.146133 9 524.557818 646.812279 10 430.694881 594.780292 11 366.102926 509.093081 12 341.969821 404.535991 13 362.427103 299.184877 14 423.968659 211.270336
-0.412400 -0.395000 0.114100 15 0 466.987628 273.758913 1 529.844739 230.570167 2 604.812125 216.680869 3 678.965527 234.477489 4 739.468351 280.913286 5 775.847100 347.925453 6 781.810385 423.958403 7 756.347589 495.825067 8 703.866124 551.135864 9 633.394175 580.321731 10 557.181372 578.306834 11 488.345276 545.478431 12 438.835986 487.482964 13 417.184448 414.361146 14 427.146274 338.764583
0.077500 0.209200 -0.360300 15 0 632.888219 478.224193 1 598.219176 484.845069 2 563.857913 476.773319 3 535.764642 455.453965 4 518.760390 424.521503 5 515.811704 389.355812 6 527.411068 356.033727 7 551.582684 330.314648 8 584.102485 316.641350 9 619.380868 317.383482 10 651.308177 332.412796 11 674.372656 359.124704 12 684.562103 392.905133 13 680.143173 427.904985 14 661.862342 458.086915
0.460400 -0.582400 -0.586600 15 0 790.256908 158.968275 1 871.851866 257.201471 2 906.422680 380.123823 3 888.030170 506.459956 4 819.810986 614.412563 5 713.597491 685.277863 6 587.738093 706.818754 7 464.016138 675.317462 8 363.792421 596.199102 9 304.413247 483.160300 10 296.127501 355.746462 11 340.407441 235.972575 12 429.568382 144.570414 13 548.199110 97.337442 14 675.783867 102.421737
0.432100 0.482800 0.650600 15 0 720.309300 531.794624 1 656.298119 569.346454 2 582.569229 577.607672 3 511.825886 555.148222 4 456.340530 505.873527 5 425.706499 438.293640 6 425.192155 364.083199 7 454.908638 296.084419 8 509.710701 246.064914 9 580.135526 222.657947 10 653.981601 229.907037 11 718.493726 266.562447 12 762.540733 326.307608 13 778.448313 398.779463 14 763.514944 471.476926
-0.368200 -0.100300 -0.209100 15 0 465.517801 360.455283 1 493.227163 309.164146 2 539.400678 273.601242 3 596.056360 259.876722 4 653.400741 270.393750 5 701.498570 303.320299 6 732.050267 352.944242 7 739.776964 410.724569 8 723.320737 466.658360 9 685.554914 511.045064 10 632.993029 536.244918 11 574.718970 537.873112 12 520.815458 515.680189 13 480.622603 473.469817 14 461.045945 418.556586
0.181100 -0.793800 0.060900 15 0 661.029932 141.836431 1 760.761730 188.990051 2 832.680857 272.604650 3 864.382774 378.272644 4 850.374834 487.678887 5 793.064319 581.942418 6 702.372227 644.724452 7 593.966980 665.206597 8 486.629419 639.834242 9 398.892205 572.982819 10 345.907549 476.215451 11 336.875943 366.297596 12 373.327164 262.171053 13 448.996107 181.910714 14 550.759261 139.341294
0.176100 -0.278800 -0.522700 15 0 674.139309 289.782303 1 712.567610 329.481578 2 731.525647 381.351976 3 727.728236 436.460515 4 701.847259 485.266167 5 658.364409 519.314960 6 604.784333 532.748479 7 550.391320 523.218895 8 504.554235 492.383962 9 475.223089 445.574974 10 467.481782 390.882137 11 482.635656 337.784743 12 518.102133 295.429729 13 567.721229 271.150223 14 622.915552 269.149259
-0.408800 0.050100 0.478100 15 0 481.966888 414.355663 1 486.333542 365.109906 2 510.357424 321.885469 3 549.863634 292.173511 4 598.061181 281.109317 5 646.580159 290.606480 6 687.042976 319.007077 7 712.475029 361.410644 8 718.441472 410.504911 9 703.936855 457.759261 10 671.450753 495.035957 11 626.616781 515.880117 12 577.171946 516.687387 13 531.686195 497.320377 14 498.017264 461.130022
0.173200 -0.290700 0.485000 15 0 649.185076 318.003706 1 678.280851 345.100379 2 693.849664 381.689371 3 693.173408 421.442479 4 676.392317 457.495456 5 646.402572 483.603763 6 608.403112 495.246633 7 568.924086 490.424305 8 534.828696 469.963092 9 512.017653 437.424158 10 504.399451 398.392331 11 513.318037 359.642588 12 537.215150 327.880224 13 571.976996 308.588530 14 611.585530 305.093286
-0.837900 0.615600 -0.524200 15 0 263.567775 652.018086 1 190.157333 493.393468 2 187.596771 318.626875 3 256.360318 157.913591 4 384.521085 39.079973 5 549.960672 -17.361582 6 724.049387 -1.634997 7 876.680952 83.547869 8 981.472805 223.427915 9 1020.306344 393.865565 10 986.466853 565.349696 11 885.814280 708.239929 12 735.728977 797.846556 13 562.177677 818.659394 14 395.156872 767.067263
-0.711500 0.335400 -0.133400 15 0 352.802803 518.539569 1 325.957116 407.745849 2 346.505995 295.608354 3 410.889109 201.523807 4 507.961388 141.761093 5 620.954836 126.658763 6 730.324115 158.800769 7 817.161245 232.655377 8 866.445801 335.446380 9 869.661013 449.414286 10 826.253861 554.819568 11 743.724669 633.453482 12 636.342760 671.722369 13 522.681990 663.015613 14 422.380799 608.826721
0.512500 0.725900 -0.075300 15 0 773.397343 646.065444 1 658.334379 695.318185 2 533.182627 693.502971 3 419.576175 640.961423 4 337.171083 546.739441 5 300.199382 427.136412 6 315.078822 302.857082 7 379.230673 195.364261 8 481.538235 123.268607 9 604.344460 99.005183 10 726.397675 126.794443 11 826.593099 201.823733 12 887.594700 311.111268 13 898.891590 435.776070 14 858.487857 554.258777
-0.901400 -0.327400 0.430700 15 0 336.167634 307.398222 1 396.635319 208.095255 2 492.282977 141.964763 3 606.536292 120.470787 4 719.666468 147.288124 5 812.119711 217.815345 6 867.882986 319.844092 7 877.311322 435.733960 8 838.804473 545.429984 9 759.022787 629.996221 10 651.722955 674.780133 11 535.485094 672.070254 12 430.408600 622.308978 13 354.636535 534.104028 14 321.314245 422.707855
0.429400 0.883200 0.006300 15 0 740.674941 692.967858 1 609.354118 724.857129 2 476.414296 700.571990 3 364.842861 624.329148 4 293.941007 509.279197 5 275.954544 375.356539 6 313.990658 245.667472 7 401.486496 142.684715 8 523.310474 84.187996 9 658.394532 80.304827 10 783.372815 131.691003 11 876.647625 229.475099 12 922.105408 356.734295 13 911.855864 491.488356 14 847.684461 610.423977
0.267000 -0.068100 0.829000 15 0 669.379638 379.661812 1 671.663255 409.637547 2 661.544924 437.939336 3 640.789431 459.691946 4 612.985335 471.120729 5 582.919151 470.252727 6 555.826290 457.244668 7 536.363080 434.323371 8 527.913049 405.477362 9 531.921445 375.670982 10 547.696311 350.081861 11 572.510955 333.127685 12 602.089196 327.726693 13 631.298020 334.837892 14 655.101121 353.199290
-0.983800 -0.262900 0.278000 15 0 302.226533 317.762052 1 361.429599 203.765523 2 461.864070 123.693693 3 586.196486 91.399557 4 712.907000 112.454435 5 820.103799 183.242141 6 889.230882 291.515221 7 908.363226 418.531450 8 874.170406 542.344357 9 792.564594 641.563412 10 677.661868 698.997007 11 549.342619 704.740457 12 429.769204 657.788058 13 339.636408 566.263586 14 294.529907 445.990153
-0.575600 -0.795800 -0.715200 15 0 347.587433 48.990512 1 512.175009 -23.327925 2 691.955628 -22.449730 3 855.824608 51.480964 4 975.468977 185.662278 5 1030.187431 356.903128 6 1010.529974 535.603073 7 919.865042 690.857799 8 773.920055 795.816148 9 597.889154 832.327420 10 422.225435 794.099760 11 277.308217 687.722252 12 188.174630 531.580931 13 170.263437 352.715888 14 226.640069 182.009402
0.507200 -0.542000 -0.138200 15 0 779.724618 214.692611 1 839.553812 303.817942 2 857.966212 409.566006 3 831.762203 513.670440 4 765.502364 598.121406 5 670.602565 648.305233 6 563.515401 655.558746 7 462.722882 618.622629 8 385.665173 543.876193 9 345.676672 444.264737 10 349.666018 336.993556 11 396.920186 240.631812 12 479.307006 171.815765 13 582.564824 142.454567 14 688.828764 157.608857
-0.708700 -0.226700 -0.925600 15 0 262.654002 289.637654 1 336.706234 161.973141 2 456.280830 75.448220 3 600.722375 45.064395 4 745.019288 76.033250 5 864.252314 163.030875 6 937.786326 290.997584 7 952.927239 437.802000 8 907.041469 578.083867 9 808.051365 687.569386 10 673.103283 747.339871 11 525.498440 747.043675 12 390.794531 686.736881 13 292.259756 576.847938 14 246.932346 436.384464
-0.038600 0.991400 0.238600 15 0 585.172635 706.050519 1 461.982615 673.569687 2 362.637239 593.777756 3 304.346229 480.468786 4 297.165898 353.275880 5 342.363607 234.134310 6 432.100130 143.694017 7 550.867005 97.561900 8 678.136248 103.707451 9 791.877750 161.116734 10 872.467959 259.806671 11 905.934055 382.744696 12 886.502456 508.678844 13 817.522823 615.797662 14 710.934452 685.627387
0.117600 -0.554200 -0.871300 15 0 651.572858 139.794594 1 752.943665 183.271934 2 827.874223 264.223780 3 863.393742 368.650049 4 853.390429 478.489532 5 799.546751 574.765066 6 711.213446 640.810832 7 603.650661 665.227501 8 495.449104 643.797157 9 405.345738 580.193305 10 348.883691 485.443040 11 335.836989 375.902034 12 368.466716 270.545419 13 441.149555 187.566493 14 541.282933 141.312763
-0.853400 -0.749200 0.368400 15 0 343.530812 174.465383 1 457.437969 89.661943 2 595.994564 58.491424 3 735.235198 86.391189 4 851.110400 168.509896 5 923.542222 290.660307 6 940.058832 431.698338 7 897.746807 567.274807 8 803.978543 673.929165 9 674.933430 733.205920 10 532.914866 734.880209 11 402.521500 678.633119 12 306.255528 574.218269 13 260.793158 439.681245 14 273.973970 298.286484
0.666600 -0.874600 -0.896000 15 0 915.193971 -16.005514 1 1057.145923 148.164250 2 1120.045427 355.871960 3 1093.027993 571.215593 4 980.768642 756.949963 5 802.660654 880.962701 6 589.512322 921.813022 7 378.176500 872.432632 8 205.196147 741.367765 9 100.487842 551.292591 10 82.138876 335.037113 11 153.336956 130.011127 12 301.754773 -28.317892 13 501.768860 -112.587758 14 718.750215 -108.235754
0.571100 -0.655000 -0.172100 15 0 805.948235 171.348175 1 881.155473 274.888724 2 907.724079 400.065464 3 881.098572 525.230099 4 805.860104 628.735321 5 695.038195 692.686315 6 567.763421 706.042835 7 446.085196 666.460564 8 351.015671 580.827420 9 298.989547 463.920318 10 299.010470 335.961511 11 351.073206 219.073141 12 446.196825 133.465272 13 567.895857 93.947781 14 695.149849 107.364161
0.103100 0.910300 -0.062300 15 0 635.072399 711.534290 1 505.314250 698.863908 2 391.948161 634.529288 3 314.538744 529.624954 4 286.503279 402.312036 5 312.653976 274.608842 6 388.506214 168.564423 7 500.931055 102.566680 8 630.472565 87.965937 9 754.751659 127.338201 10 852.260325 213.851968 11 906.179636 332.555470 12 907.135884 462.923732 13 854.994891 582.406309 14 758.747862 670.349463
-0.711600 0.839600 -0.308100 15 0 340.001700 714.071574 1 234.733546 581.171017 2 192.625019 416.935221 3 220.956387 249.787232 4 314.820357 108.590727 5 457.999373 17.798358 6 625.738110 -6.914529 7 789.011504 38.727158 8 919.609048 146.843338 9 994.960127 298.724202 10 1001.998627 468.138368 11 939.525244 625.747512 12 818.347776 744.334421 13 659.437465 803.371730 14 490.232216 792.677271
-0.969000 0.827300 -0.037400 15 0 276.210738 678.644314 1 190.864284 522.857560 2 176.266574 345.834579 3 234.940936 178.161734 4 356.740063 48.855590 5 520.586940 -19.726028 6 698.172350 -15.740496 7 858.777671 60.138797 8 974.636705 194.759528 9 1025.728221 364.894224 10 1003.209522 541.086014 11 910.954265 692.885136 12 764.948255 794.046724 13 590.422360 827.062238 14 417.529916 786.250686
0.889200 0.887500 -0.351100 15 0 933.340233 736.371136 1 767.705636 842.868053 2 573.067140 872.779446 3 383.101637 820.953619 4 230.631478 696.349124 5 142.030779 520.500016 6 132.618384 323.809019 7 204.020667 140.287113 8 343.877632 1.683119 9 528.040953 -68.053316 10 724.641787 -56.861853 11 899.673380 33.336028 12 1022.905493 186.929741 13 1073.015031 377.358062 14 1041.322369 571.708691
0.574100 0.044800 0.513500 15 0 762.728623 412.546085 1 743.555211 477.644201 2 699.559561 529.309665 3 638.365639 558.635044 4 570.523872 560.524100 5 507.787336 534.647892 6 460.977428 485.495502 7 438.214453 421.569436 8 443.428639 353.904116 9 475.732824 294.209670 10 529.488741 252.810023 11 595.451960 236.860897 12 662.209486 249.112198 13 718.195822 287.457940 14 753.747903 345.269030
-0.340800 0.736900 -0.690500 15 0 454.293173 717.330592 1 337.820845 630.648477 2 266.674662 504.073176 3 253.166348 359.500313 4 299.631224 221.933696 5 398.027190 115.157538 6 531.343856 57.622073 7 676.533943 59.302713 8 808.493601 119.895843 9 904.395128 228.902912 10 947.666837 367.504670 11 930.819300 511.734150 12 856.776796 636.636810 13 738.342552 720.616244 14 595.979248 749.154893
-0.051600 0.557100 -0.759600 15 0 574.079518 650.326370 1 474.499048 618.151052 2 396.608601 548.248043 3 353.900346 452.700157 4 353.740263 348.052091 5 396.164487 252.380620 6 473.827674 182.229362 7 573.315272 149.741109 8 677.414731 160.518703 9 768.113734 212.715462 10 829.755294 297.278809 11 851.676478 399.626086 12 830.064927 502.024048 13 768.687222 586.767939 14 678.143003 639.229447
0.621600 -0.113600 -0.843100 15 0 887.568417 346.957271 1 884.282835 468.497946 2 831.846041 578.211638 3 739.311231 657.116052 4 622.693990 691.552866 5 502.151546 675.573254 6 398.527230 611.950383 7 329.738885 511.675437 8 307.687916 392.102072 9 336.166249 273.885470 10 410.268937 177.483275 11 517.180936 119.551971 12 638.417874 110.107424 13 753.009653 150.789576 14 841.142162 234.576964
-0.105800 -0.677000 -0.324800 15 0 563.851811 148.518687 1 669.278911 155.553768 2 762.708785 204.857214 3 828.006899 287.907752 4 853.880291 390.344886 5 835.875545 494.442221 6 777.059344 582.209126 7 687.646318 638.480699 8 583.068066 653.517893 9 481.418549 624.700049 10 400.275045 557.043892 11 353.659145 462.229106 12 349.656797 356.652087 13 388.919235 258.574855 14 464.688260 184.941666
0.384000 -0.823000 0.240800 15 0 716.422695 147.674455 1 808.992864 216.853646 2 865.423118 317.682552 3 875.939625 432.765203 4 838.769292 542.169309 5 760.287730 626.988769 6 654.120904 672.565805 7 538.572875 671.006466 8 433.650281 622.599593 9 357.502769 535.687555 10 323.271075 425.324775 11 336.888432 310.587149 12 396.009708 211.307982 13 490.405095 144.635104 14 603.742339 122.144936
-0.880900 0.886200 0.227600 15 0 327.073189 672.617422 1 239.792387 538.039391 2 214.789177 379.588823 3 256.384506 224.673311 4 357.413359 100.080310 5 500.362518 27.338315 6 660.563533 19.029194 7 810.289891 76.598986 8 923.641025 190.077637 9 981.033741 339.878682 10 972.558994 500.056663 11 899.641180 642.934715 12 774.930531 743.801191 13 619.974169 785.243251 14 461.557000 760.057609
0.674900 -0.590800 0.777500 15 0 778.239232 243.486969 1 826.473775 329.516339 2 835.577658 427.723832 3 803.926836 521.147547 4 737.027820 593.610519 5 646.424053 632.603130 6 547.809356 631.389871 7 458.209704 590.149000 8 393.130478 516.036011 9 363.808338 421.856544 10 375.345115 323.894900 11 425.714769 239.101290 12 506.231238 182.116668 13 602.941585 162.817342 14 699.152642 184.524836
0.966400 -0.713200 0.418100 15 0 884.249085 188.940926 1 945.520934 322.806133 2 947.048856 470.004316 3 888.575651 605.113922 4 780.196258 704.748191 5 640.669056 751.704815 6 494.103177 737.830538 7 365.842672 665.559104 8 278.075071 547.355865 9 245.966214 403.674334 10 275.080559 259.374359 11 360.374189 139.368229 12 487.104872 64.447279 13 633.352878 47.533413 14 773.822028 91.570075
0.064100 -0.383600 -0.097000 15 0 624.497955 268.530921 1 675.864707 289.860205 2 714.089604 330.239005 3 732.615890 382.680399 4 728.186762 438.099898 5 701.598814 486.945213 6 657.456278 520.764383 7 603.359867 533.689009 8 548.710076 523.501880 9 502.906848 491.963812 10 473.891531 444.518266 11 466.688016 389.369512 12 482.525429 336.079786 13 518.698834 293.824321 14 568.910090 269.934890
-0.564500 0.896000 0.495000 15 0 440.150099 657.647114 1 349.166412 570.349770 2 301.571073 453.610141 3 305.555277 327.586126 4 360.462628 214.091584 5 456.784813 132.748806 6 577.886393 97.594708 7 702.798841 114.746490 8 809.932792 181.209598 9 880.773845 285.507583 10 903.047688 409.613281 11 872.955894 532.049522 12 795.638285 631.646569 13 684.509631 691.202176 14 558.768128 700.386433
-0.082100 -0.305700 0.280800 15 0 571.915797 308.695690 1 611.477968 305.171007 2 649.046969 318.026179 3 678.139399 345.067254 4 693.742244 381.615195 5 693.119138 421.324913 6 676.380032 457.349969 7 646.458695 483.463963 8 608.503173 495.134109 9 569.060937 490.382329 10 534.986965 469.966897 11 512.145101 437.481024 12 504.488735 398.501958 13 513.351628 359.783437 14 537.211920 328.017076
-0.256500 -0.409800 0.794900 15 0 533.831868 289.525251 1 584.477191 272.168287 2 637.814914 276.912323 3 684.609371 302.919608 4 716.787923 345.733888 5 728.763790 397.915099 6 718.470988 450.465582 7 687.699468 494.290429 8 641.763452 521.802147 9 588.608754 528.257210 10 537.415942 512.535550 11 497.050721 477.356730 12 474.484319 428.803548 13 473.629777 375.256145 14 494.609923 326.000902
-0.069800 0.490200 -0.884800 15 0 567.872294 632.992867 1 475.879351 599.764871 2 405.363537 532.026196 3 368.484514 441.439918 4 371.651596 343.683090 5 414.290594 255.675432 6 489.059670 192.610817 7 582.992482 165.415180 8 679.871528 178.788924 9 762.939542 230.392675 10 817.845712 311.327600 11 835.059679 407.611612 12 811.662281 502.569224 13 751.645059 579.779758 14 665.405462 625.909435
-0.923800 -0.485000 -0.011600 15 0 292.946617 237.947629 1 385.401412 127.067837 2 514.959626 63.390827 3 659.225635 57.913415 4 793.255715 111.579259 5 893.868080 215.107373 6 943.656419 350.622740 7 934.024911 494.659765 8 866.649806 622.339344 9 753.165366 711.572608 10 613.185903 746.931298 11 470.928669 722.312623 12 351.004063 641.952809 13 274.127559 519.753841 14 253.578419 376.858533
-0.104000 -0.313800 0.136300 15 0 569.435685 299.720167 1 612.877048 295.944692 2 654.073235 310.182994 3 685.931315 339.936127 4 702.928310 380.088813 5 702.141143 423.669186 6 683.677648 463.172626 7 650.749571 491.747720 8 609.046986 504.451044 9 565.784558 499.104293 10 528.424172 476.617447 11 503.451404 440.882582 12 495.172694 398.084887 13 505.014899 355.600029 14 531.287732 320.819595
-0.941600 -0.866900 0.636100 15 0 340.817249 160.564017 1 460.600160 75.839316 2 604.503431 47.178011 3 747.635088 79.505541 4 865.218142 167.259854 5 936.951416 295.265218 6 950.430004 441.362747 7 903.305344 580.323287 8 803.742393 688.089180 9 668.943435 746.062393 10 522.241935 744.189465 11 388.971736 682.801937 12 292.191625 572.506102 13 248.626619 432.401678 14 265.828623 286.690853
-0.204000 0.847500 -0.829100 15 0 507.668197 791.497078 1 356.417211 720.108309 2 247.269814 593.342633 3 199.130419 433.170270 4 220.299178 267.249199 5 307.107208 124.283450 6 444.581166 29.001838 7 608.910355 -2.139409 8 771.725421 36.254702 9 904.816488 137.536138 10 985.221895 284.216572 11 999.006424 450.900252 12 943.816731 608.791475 13 829.154560 730.596728 14 674.882334 795.215763
0.458900 0.732900 -0.365000 15 0 776.390829 677.069531 1 648.434539 724.842722 2 512.126470 716.461541 3 391.007279 653.365526 4 306.008058 546.445841 5 271.862685 414.211569 6 294.449899 279.527323 7 369.872529 165.665938 8 485.079932 92.328274 9 620.147992 72.182399 10 751.761986 108.710399 11 857.117262 195.623655 12 918.007501 317.874521 13 923.924189 454.308300 14 873.817751 581.371260
0.928500 0.359100 -0.095900 15 0 922.014406 525.644766 1 843.055945 645.753855 2 722.087631 723.362928 3 580.003130 745.064997 4 441.393755 707.116391 5 330.189590 616.042809 6 265.646046 487.620715 7 258.908484 344.058413 8 311.156159 210.158986 9 413.344134 109.085763 10 547.805204 58.311525 11 691.302310 66.617131 12 818.991185 132.590059 13 908.844512 244.783717 14 945.265911 383.808147
-0.396200 0.474800 0.790900 15 0 494.132988 524.338621 1 452.725576 470.542271 2 436.760781 404.520947 3 449.037984 337.742354 4 487.412674 281.731332 5 545.249389 246.142310 6 612.566104 237.185803 7 677.699560 256.367048 8 729.405248 300.392066 9 758.720765 361.627017 10 760.605323 429.512169 11 734.730021 492.277926 12 685.546859 539.099305 13 621.565767 561.871480 14 553.866661 556.640152
-0.276500 -0.194400 -0.770100 15 0 471.813965 309.461842 1 519.713482 265.148292 2 581.504000 244.148001 3 646.500287 250.109181 4 703.452541 281.970377 5 742.499899 334.259934 6 756.936192 397.904778 7 744.221411 461.913235 8 706.562582 515.208345 9 650.496867 548.601934 10 585.689836 556.283923 11 523.355227 536.964831 12 474.273889 493.945265 13 446.934331 434.691074 14 446.057392 369.434189
0.701200 -0.873400 0.712700 15 0 787.323340 162.749436 1 867.619489 259.460661 2 901.651178 380.456452 3 883.519216 504.830775 4 816.374209 611.092872 5 711.811077 680.849845 6 587.911301 702.045791 7 466.103947 670.998510 8 367.443613 593.121986 9 309.017068 481.829860 10 300.879383 356.402018 11 344.463110 238.518749 12 432.239575 148.543238 13 549.038071 102.050839 14 674.630222 107.084968
0.726100 0.116100 0.239600 15 0 826.660498 434.948649 1 792.839418 524.105028 2 725.688319 591.819528 3 636.811127 626.357687 4 541.566537 621.762107 5 456.404341 578.825555 6 396.097370 504.962789 7 371.042348 412.941079 8 385.566936 318.697823 9 437.176372 238.502882 10 516.925760 186.231595 11 611.058712 170.930083 12 703.265733 195.228993 13 777.627936 254.943190 14 821.277891 339.727911
0.732100 0.107200 0.973300 15 0 785.363305 424.708067 1 759.289642 497.985921 2 705.661216 554.297657 3 633.782533 583.945000 4 556.033480 581.774264 5 485.899882 548.172332 6 435.502640 488.965550 7 413.548117 414.362449 8 423.810419 337.288935 9 464.565455 271.052389 10 528.714213 227.109901 11 605.201218 213.064829 12 680.789567 231.339093 13 742.396948 278.784265 14 779.399865 347.184547
-0.626400 -0.655800 0.483000 15 0 422.242106 212.509200 1 513.877320 156.409656 2 620.405955 142.435914 3 723.387717 173.011936 4 805.047629 242.816339 5 851.248610 339.804598 6 854.016061 447.200710 7 812.846022 546.446295 8 734.894137 620.361855 9 633.598491 656.180763 10 526.492184 647.678102 11 432.100719 596.382135 12 366.751224 511.107391 13 341.729545 406.633008 14 361.356879 301.008298
0.461800 -0.291500 0.081300 15 0 746.606044 308.208993 1 771.279370 375.780316 2 766.310754 447.531114 3 732.613522 511.073403 4 675.971987 555.393452 5 606.198860 572.871423 6 535.336546 560.440526 7 475.683031 520.261520 8 437.518261 459.299069 9 427.432571 388.092712 10 447.199795 318.922584 11 493.388984 263.782058 12 558.001415 232.203666 13 629.892617 229.624628 14 696.603041 256.518036
0.605400 -0.119700 -0.282700 15 0 826.650701 356.064451 1 824.914399 452.067130 2 784.309829 539.032053 3 711.822866 601.988578 4 619.993633 630.005368 5 524.722009 618.245828 6 442.456384 568.761959 7 387.427558 490.090204 8 369.170015 395.851644 9 390.813236 302.309669 10 448.622490 225.676120 11 532.612517 179.177611 12 628.252813 170.858643 13 719.008719 202.173678 14 789.184130 267.688963
0.304800 0.632900 0.305800 15 0 693.665447 590.055993 1 608.264617 611.723436 2 521.440232 596.788425 3 448.184486 547.809894 4 401.186730 473.295113 5 388.574023 386.088654 6 412.518578 301.297434 7 468.864757 233.564417 8 547.890348 194.629525 9 635.932778 191.181620 10 717.757030 223.847653 11 779.226106 286.973130 12 809.699611 369.642158 13 803.908266 457.564381 14 762.865192 535.520866
-0.984500 0.893700 -0.949000 15 0 120.452807 839.625890 1 -16.900763 606.563872 2 -47.601735 337.784825 3 33.701386 79.764395 4 212.903392 -122.888104 5 459.044007 -235.122791 6 729.560969 -237.532382 7 977.673815 -129.726707 8 1160.480244 69.680066 9 1246.371918 326.207615 10 1220.515687 595.487000 11 1087.338595 830.963710 12 869.924920 991.931982 13 605.824569 1050.555239 14 340.729690 996.674589
0.729500 0.422800 -0.583500 15 0 898.097443 576.295878 1 800.616375 682.315288 2 668.450069 739.508137 3 524.438782 737.982029 4 393.496902 678.031688 5 298.264549 570.006227 6 255.199153 432.584557 7 271.755122 289.528542 8 345.066125 165.563783 9 462.449612 82.149916 10 603.626408 53.684494 11 744.168872 85.101855 12 859.796509 170.965720 13 930.479893 296.428388 14 944.031185 439.817897
0.402600 -0.584400 0.973900 15 0 700.082524 253.282040 1 751.096011 306.683140 2 775.983708 376.199490 3 770.464313 449.850480 4 735.445315 514.866308 5 677.024187 560.016313 6 605.261406 577.522951 7 532.607268 564.309179 8 471.612869 522.696995 9 432.795333 459.877099 10 422.913489 386.677248 11 443.634183 315.814209 12 491.389924 259.486031 13 557.945318 227.459425 14 631.751452 225.261993
-0.149900 0.812500 0.794600 15 0 562.805934 616.359839 1 478.021749 582.516744 2 414.319971 517.129381 3 382.728606 431.476644 4 388.707587 340.391180 5 431.226732 259.597993 6 502.915859 203.097850 7 591.404356 180.639147 8 681.365820 196.101294 9 757.269829 246.827195 10 805.974634 324.037768 11 819.066992 414.380506 12 794.271073 502.245972 13 735.883375 572.413262 14 654.014784 612.783026
0.174700 0.168900 -0.433300 15 0 668.732755 465.592375 1 636.099356 487.887237 2 597.233730 494.967007 3 558.839210 485.624226 4 527.582059 461.484980 5 508.822897 426.722610 6 505.842854 387.326548 7 519.149134 350.115476 8 546.425888 321.543381 9 582.954945 306.540234 10 622.451348 307.691014 11 658.066189 324.790816 12 683.617136 354.911817 13 694.732703 392.831593 14 689.470396 431.971086
0.943200 -0.110600 0.408100 15 0 878.023756 368.110173 1 866.957146 483.944210 2 809.734819 585.262439 3 716.257879 654.553774 4 602.663303 679.832112 5 488.617799 656.728781 6 393.822309 589.221127 7 334.678627 489.015503 8 321.418941 373.395097 9 356.331301 262.391068 10 433.355544 175.172146 11 539.204744 126.832863 12 655.580354 125.719658 13 762.324980 172.051229 14 841.020196 257.773420
0.703000 -0.892000 -0.256000 15 0 852.912052 77.484134 1 962.225523 208.230696 2 1008.916625 372.135758 3 984.891895 540.876651 4 894.320194 685.240170 5 752.848003 780.284239 6 584.955098 809.577143 7 419.661224 768.062369 8 285.550391 662.891910 9 205.808605 512.260498 10 194.234245 342.225327 11 252.804779 182.188660 12 371.412151 59.801774 13 529.549214 -3.754061 14 699.874701 2.500233
0.546300 -0.170200 0.704000 15 0 746.749757 352.082036 1 753.551911 415.893195 2 733.804928 476.987136 3 690.932150 524.741105 4 632.323894 550.952300 5 568.131166 551.052531 6 509.458027 525.021483 7 466.428343 477.389438 8 446.492074 416.379860 9 453.118337 352.511249 10 485.119577 296.876733 11 536.989863 259.077622 12 599.761229 245.621126 13 662.571875 258.875335 14 714.565569 296.534951
0.953000 -0.323300 0.650500 15 0 861.808720 312.726060 1 874.660682 426.767109 2 840.028866 536.157232 3 763.893219 622.012099 4 659.428409 669.485309 5 544.674704 670.355711 6 439.484376 624.490184 7 362.074019 539.795679 8 325.783568 430.921726 9 336.897871 316.724367 10 393.515377 216.905329 11 485.840242 148.760208 12 597.899015 124.054790 13 710.327713 147.057575 14 803.667321 213.800224
0.258000 -0.102500 0.338300 15 0 676.898270 368.768887 1 682.961120 402.746516 2 674.681623 436.246765 3 653.481186 463.487437 4 623.025138 479.739637 5 588.611679 482.222534 6 556.142389 470.469455 7 531.265968 446.537833 8 518.277490 414.562928 9 519.425746 380.070418 10 534.490651 349.025979 11 560.897291 326.795229 12 594.057509 317.216602 13 628.240824 321.942735 14 657.554316 340.177744
-0.057600 -0.804200 -0.908500 15 0 573.186377 19.244574 1 730.354089 41.258347 2 864.994225 125.303057 3 953.823624 256.839704 4 981.465299 413.122211 5 943.141446 567.140128 6 845.485720 692.260940 7 705.388523 766.855113 8 547.079965 778.007264 9 397.901228 723.795451 10 283.665378 613.604598 11 224.136192 466.479713 12 229.594352 307.854130 13 299.106512 165.167932 14 420.635673 63.078038
0.080700 0.739700 -0.725100 15 0 639.239023 725.830943 1 503.310656 713.634895 2 384.118838 647.187915 3 302.243420 538.017701 4 271.839164 404.976834 5 298.188126 271.055971 6 376.720641 159.456176 7 493.869925 89.434586 8 629.370477 73.115202 9 759.772780 113.318682 10 862.561651 203.091287 11 919.948103 326.922829 12 922.009237 463.365099 13 868.397603 588.875697 14 768.382656 681.705484
-0.621600 -0.784300 -0.626200 15 0 337.842952 64.694146 1 496.895730 -12.938613 2 673.759427 -19.176486 3 837.875485 47.058978 4 960.869320 174.337851 5 1021.460818 340.621933 6 1009.180669 517.167006 7 926.145853 673.470911 8 786.708248 782.488592 9 614.993274 825.365494 10 440.686630 794.686321 11 293.931601 695.777207 12 200.086919 545.701875 13 175.409366 370.457430 14 224.128605 200.314754
0.757400 0.696900 0.901800 15 0 795.676170 580.018444 1 705.544103 644.049683 2 597.166535 665.882749 3 489.268786 641.731139 4 400.509705 575.803513 5 346.261400 479.462689 6 335.873046 369.383771 7 371.171955 264.597875 8 446.009707 183.233198 9 547.494288 139.343469 10 658.064130 140.527866 11 758.582651 186.569245 12 831.670510 269.525476 13 864.730407 375.030163 14 851.986107 484.872718
-0.551300 -0.908600 -0.422100 15 0 387.662380 44.800637 1 550.478359 -10.865328 2 721.885075 4.513982 3 872.191119 88.290858 4 975.445798 225.943231 5 1013.786897 393.708009 6 980.564404 562.541649 7 881.556599 703.293901 8 733.853159 791.583900 9 563.009071 812.184239 10 398.564223 761.500454 11 268.930437 648.303779 12 196.562926 492.186018 13 193.940122 320.121142 14 261.541832 161.872230
0.852500 0.751400 -0.548800 15 0 947.040043 703.456322 1 793.606321 818.383894 2 606.713110 860.959493 3 418.642954 823.836276 4 261.925303 713.433534 5 163.666199 548.820722 6 140.870529 358.476241 7 197.440399 175.322554 8 323.634127 31.009362 9 497.607183 -49.499592 10 689.288458 -52.290643 11 865.521250 23.129166 12 995.861491 163.718953 13 1057.742819 345.148762 14 1040.463613 536.069158
0.341100 -0.717500 0.759600 15 0 688.681863 211.994424 1 757.494485 264.327261 2 799.054580 340.106391 3 806.193385 426.250112 4 777.704956 507.853749 5 718.463805 570.798127 6 638.745867 604.229530 7 552.340944 602.331498 8 474.172532 565.444144 9 417.751409 499.964123 10 392.840932 417.201949 11 403.758248 331.451009 12 448.611776 257.552611 13 519.625183 208.302843 14 604.557835 192.182828
-0.170700 0.372700 -0.909500 15 0 517.067955 580.246481 1 450.929875 530.926378 2 410.559706 458.975153 3 402.947679 376.820218 4 429.398591 298.681595 5 485.369566 238.049943 6 561.142321 205.423478 7 643.649008 206.447882 8 718.587974 240.928814 9 773.036959 302.927959 10 797.577179 381.694876 11 787.924804 463.646044 12 745.806886 534.581164 13 678.450847 582.249268 14 597.546950 598.392145
-0.236500 -0.459500 0.715900 15 0 537.954920 274.559640 1 594.334950 260.167971 2 651.693807 269.948197 3 700.134478 302.228223 4 731.245741 351.416687 5 739.656996 408.991824 6 723.918400 465.021558 7 686.768654 509.794696 8 634.615851 535.599366 9 576.465264 537.948972 10 522.384384 516.453436 11 481.727050 474.812471 12 461.523839 420.246908 13 465.259771 362.176312 14 492.293496 310.634842
0.866100 -0.404500 0.529100 15 0 845.895751 284.426663 1 871.649861 394.433473 2 850.430824 505.393220 3 785.901728 598.139811 4 689.252124 656.619904 5 577.142378 670.731791 6 469.010861 638.044978 7 383.502073 564.188215 8 335.440500 461.928326 9 333.133957 348.979482 10 376.967070 244.841445 11 459.342177 167.534450 12 566.062503 130.417165 13 678.639172 139.933363 14 777.627620 194.389114
0.115700 -0.308400 -0.416500 15 0 643.265546 278.715352 1 688.847802 306.800967 2 719.071203 350.984674 3 728.718926 403.663647 4 716.086155 455.693321 5 683.411522 498.103386 6 636.293344 523.542339 7 582.898906 527.632687 8 532.472470 509.628390 9 493.718693 472.686223 10 473.339032 423.184862 11 474.862453 369.653694 12 498.029391 321.376340 13 538.807904 286.702264 14 590.198652 271.598556
-0.807100 0.966600 0.899200 15 0 393.031087 645.635592 1 311.022620 540.231774 2 278.967427 410.566103 3 302.415568 279.066115 4 377.332945 168.498029 5 490.746570 97.945790 6 623.047695 79.618647 7 751.378613 116.687748 8 853.508852 202.745855 9 911.821290 322.918398 10 916.226543 456.413718 11 865.938685 580.162079 12 769.670860 672.737248 13 644.067779 718.168830 14 510.834865 708.597673
0.614600 -0.425800 -0.060900 15 0 807.642832 256.454361 1 848.072736 353.332334 2 845.600120 458.253670 3 800.676871 553.116140 4 721.058216 621.511588 5 620.483038 651.592637 6 516.382781 638.162924 7 426.738484 583.567174 8 367.064996 497.233158 9 347.657721 394.079519 10 371.877430 291.954402 11 435.537983 208.508042 12 527.649295 158.172156 13 632.267633 149.646202 14 731.300763 184.408093
0.585500 0.173900 -0.642800 15 0 852.010174 477.646969 1 798.643741 573.435392 2 710.924574 639.237862 3 604.041058 663.671378 4 496.441387 642.524206 5 406.750525 579.429295 6 350.469885 485.321517 7 337.352979 376.449196 8 369.632551 271.648753 9 441.754936 189.061794 10 541.235201 142.923636 11 650.866874 141.241691 12 751.719047 184.305242 13 826.337892 264.662769 14 861.815276 368.419300
0.423600 0.719900 -0.598100 15 0 777.324281 699.005322 1 640.375672 745.268839 2 496.446202 731.842363 3 370.420860 661.046658 4 284.107079 545.095416 5 252.400636 404.060297 6 280.781348 262.325693 7 364.388722 144.407879 8 488.716694 70.661456 9 632.283934 53.866469 10 770.290682 96.937481 11 878.820880 192.384569 12 939.158576 323.740758 13 940.862146 468.289486 14 883.616087 601.019015
0.474200 -0.077200 -0.252700 15 0 769.805821 371.697013 1 766.632875 443.208426 2 734.665553 507.260746 3 679.393078 552.749899 4 610.402330 571.845029 5 539.604393 561.215561 6 479.252887 522.718397 7 439.789857 462.993481 8 428.018671 392.369164 9 445.983924 323.077417 10 490.588887 267.085126 11 554.093838 234.069576 12 625.548590 229.747673 13 692.595651 254.865337 14 743.619146 305.072153
0.077400 -0.350200 0.140100 15 0 626.700888 289.737457 1 669.232940 310.131008 2 699.792923 346.055941 3 713.110260 391.311013 4 706.879024 438.064365 5 682.141459 478.240598 6 643.216050 504.894358 7 596.813620 513.395913 8 550.974177 502.313919 9 513.586445 473.509827 10 491.153053 432.012646 11 487.540810 384.985534 12 503.378957 340.533946 13 535.925463 306.374068 14 579.539931 288.409508
-0.515900 -0.321000 0.715400 15 0 460.629727 314.877477 1 507.299031 265.552622 2 570.009167 239.481621 3 637.889235 241.153483 4 699.227650 270.289421 5 743.398270 321.869929 6 762.788035 386.952037 7 754.013661 454.292292 8 718.618810 512.244747 9 662.720632 550.781817 10 595.956203 563.259594 11 529.910035 547.507041 12 475.979272 506.249387 13 443.494456 446.606270 14 438.061418 378.925162
0.897300 0.748900 0.548300 15 0 853.668436 612.237344 1 745.405798 697.054561 2 612.011177 730.526706 3 476.547740 706.822304 4 362.423175 630.085328 5 289.372468 513.561178 6 270.036401 377.391188 7 307.760567 245.146159 8 396.000496 139.662522 9 519.526567 79.193629 10 656.961796 74.213679 11 784.552401 125.543452 12 880.222856 224.327136 13 927.453764 353.507174 14 918.049558 490.711844
0.449000 0.686900 -0.503100 15 0 784.009142 673.203689 1 656.981272 724.420692 2 520.095065 719.548093 3 397.040379 659.434858 4 309.052395 554.453424 5 271.392529 422.765780 6 290.555113 287.124621 7 363.217801 171.033088 8 476.807318 94.512676 9 611.719031 70.816213 10 744.593128 104.049231 11 852.481014 188.435587 12 916.688334 309.413919 13 926.153903 446.057766 14 879.225474 574.742163
0.867100 0.961800 -0.961000 15 0 1030.053183 867.363452 1 802.782232 1001.856907 2 540.442254 1032.298142 3 288.418339 953.421936 4 90.258204 778.839265 5 -19.756186 538.759911 6 -22.618413 274.668639 7 82.194464 32.264066 8 276.528665 -146.545960 9 526.795008 -230.862018 10 789.717404 -206.106563 11 1019.841180 -76.537346 12 1177.367282 135.431891 13 1235.069296 393.136224 14 1182.946387 652.026253
0.057900 0.680900 -0.632000 15 0 627.844456 690.603686 1 507.241370 676.792221 2 402.678921 615.122942 3 332.226338 516.273044 4 308.089331 397.303250 5 334.411242 278.808549 6 406.670144 181.268760 7 512.347203 121.538109 8 633.189268 109.963201 9 748.282486 148.533461 10 837.741802 230.591866 11 886.087786 341.932219 12 884.965477 463.327549 13 834.582695 573.757454 14 743.620184 654.149289
0.413500 0.342000 -0.456300 15 0 761.497292 536.408391 1 692.063496 590.312934 2 606.683278 611.301873 3 520.159116 595.758760 4 447.451516 546.369280 5 401.102987 471.665440 6 389.153720 384.575984 7 413.662978 300.132788 8 470.384694 232.987011 9 549.524029 194.708526 10 637.379321 191.920969 11 718.795384 225.127682 12 779.643144 288.551939 13 809.444090 371.252629 14 803.032256 458.923794
-0.974000 -0.295200 0.434000 15 0 316.189069 315.380679 1 375.139852 207.257901 2 472.991485 132.464508 3 592.775957 103.939914 4 713.828514 126.591524 5 815.190125 196.528830 6 879.345289 301.643322 7 895.196838 423.756472 8 860.003253 541.772675 9 779.866809 635.272765 10 668.624306 688.090292 11 545.507759 691.088476 12 431.818976 643.774520 13 347.211590 554.284711 14 306.308877 438.133011
0.475900 -0.860400 -0.265200 15 0 773.478695 88.089799 1 885.358293 185.616053 2 947.879154 320.225070 3 950.242906 468.606660 4 892.071698 605.140837 5 783.383206 706.201557 6 642.980998 754.301270 7 495.164361 741.169409 8 365.451545 669.030983 9 276.316516 550.369550 10 243.134599 405.717944 11 271.677209 260.066477 12 356.977185 138.622021 13 484.301049 62.360758 14 631.612787 44.493013
0.443100 0.933200 0.074700 15 0 746.018085 703.057068 1 610.131410 736.230466 2 472.484532 711.280005 3 356.905342 632.507982 4 283.339267 513.532185 5 264.549887 374.913093 6 303.756167 240.647213 7 394.174233 133.919397 8 520.182295 73.218606 9 660.007871 68.997339 10 789.448428 122.022539 11 886.134723 223.107221 12 933.341235 354.774998 13 922.902663 494.282613 14 856.642863 617.466476
0.433900 0.790700 0.506800 15 0 724.577529 625.998000 1 621.881581 657.125138 2 515.413225 643.805330 3 423.562016 588.310110 4 362.217392 500.266981 5 341.988644 394.888122 6 366.371130 290.373708 7 431.171914 204.831599 8 525.128798 153.030086 9 632.066964 143.946711 10 733.441827 179.125778 11 811.746288 252.487254 12 853.427861 351.354272 13 851.296586 458.647404 14 805.721344 555.790209
-0.720400 0.611600 -0.827400 15 0 267.120747 685.785340 1 179.668518 525.674542 2 164.888782 343.843359 3 225.335743 171.737196 4 350.585856 39.089584 5 518.945279 -31.167828 6 701.321114 -26.856819 7 866.184856 51.256036 8 985.008261 189.665752 9 1037.279235 364.463678 10 1013.924374 545.389788 11 919.018368 701.174178 12 768.922362 804.880805 13 589.649596 838.597252 14 412.135109 796.466739
-0.455800 0.151100 -0.599400 15 0 412.231700 462.440860 1 403.069549 380.677297 2 427.965325 302.245420 3 482.590968 240.723619 4 557.525022 206.737681 5 639.798880 206.169417 6 715.194703 239.112863 7 770.681328 299.872037 8 796.648350 377.950318 9 788.612282 459.850015 10 747.965420 531.383323 11 681.735749 580.194041 12 601.362147 597.876242 13 520.780582 581.327562 14 453.878596 533.413604
-0.056800 -0.967200 -0.174700 15 0 578.071124 56.177121 1 719.811385 76.973966 2 840.843983 153.640689 3 920.226401 272.887919 4 944.242810 414.131914 5 908.733833 552.926861 6 819.838119 665.268053 7 692.940655 731.753836 8 549.965491 740.868815 9 415.654593 691.060732 10 313.206643 590.913818 11 260.351897 457.752081 12 266.231763 314.615575 13 329.812708 186.225866 14 440.124597 94.822754
-0.114900 1.002600 -0.891700 15 0 547.400565 870.608014 1 360.530129 808.529967 2 215.070661 675.807097 3 136.168234 495.398794 4 137.462561 298.497570 5 218.747308 119.129061 6 365.936151 -11.658638 7 553.612762 -71.270457 8 749.298046 -49.388588 9 919.184573 50.189270 10 1033.871027 210.250626 11 1073.540420 403.117771 12 1031.329677 595.468060 13 914.538420 754.006094 14 743.360666 851.317459
-0.436200 -0.030700 0.368800 15 0 469.929926 392.886289 1 484.057970 340.598285 2 518.247241 298.574363 3 566.569869 274.084950 4 620.671899 271.377799 5 671.204340 290.910103 6 709.413843 329.302987 7 728.710127 379.916296 8 725.755460 433.999237 9 701.047530 482.200132 10 658.882234 516.207408 11 606.523687 530.110128 12 553.034832 521.518342 13 507.674571 491.905213 14 478.288871 446.409669
-0.801500 -0.973200 -0.686000 15 0 249.221353 -19.548773 1 450.200681 -125.946643 2 677.063978 -141.415924 3 890.625694 -63.256256 4 1053.908376 95.005190 5 1138.736981 305.999554 6 1130.384210 533.235363 7 1030.336980 737.455934 8 855.879208 883.310756 9 637.188501 945.603777 10 412.039865 913.564719 11 219.406209 792.721380 12 92.585442 603.961089 13 53.503698 379.951700 14 108.900223 159.398034
-0.210100 0.892700 -0.780000 15 0 505.256905 797.848534 1 351.623661 724.917668 2 240.952773 595.802202 3 192.357853 432.830271 4 214.236985 264.181946 5 302.830188 119.020884 6 442.799955 22.454755 7 609.967411 -8.844337 8 775.396312 30.542988 9 910.494672 133.837205 10 991.913308 283.124582 11 1005.569584 452.642077 12 949.097216 613.046735 13 832.268335 736.624940 14 675.261743 801.994248
-0.743000 0.049000 0.827400 15 0 406.490656 412.038889 1 418.323823 332.271005 2 461.568825 264.235559 3 528.764753 219.675791 4 608.273697 206.296746 5 686.333353 226.396058 6 749.480697 276.514447 7 786.789155 347.998923 8 791.793415 428.473037 9 763.627774 504.015855 10 707.182792 561.578554 11 632.186179 591.189148 12 551.638320 587.757418 13 479.447932 551.866472 14 428.099428 489.700799
0.712100 -0.925700 -0.907900 15 0 940.152782 -42.106293 1 1090.580124 134.467225 2 1156.170485 356.947343 3 1125.594664 586.894330 4 1004.142830 784.518371 5 812.793284 915.636964 6 584.675125 957.613582 7 359.200612 903.167866 8 175.348335 761.731360 9 64.928627 557.745489 10 47.036634 326.463429 11 124.755252 107.920593 12 284.632603 -60.139308 13 499.055801 -148.631891 14 730.924643 -142.239960
0.541800 0.086800 -0.415500 15 0 813.820013 437.260019 1 780.174172 521.004758 2 715.394043 583.824817 3 630.642472 614.864878 4 540.606052 608.754456 5 460.834329 566.542690 6 405.121185 495.532115 7 383.107092 408.013477 8 398.599502 319.113203 9 448.918266 244.176480 10 525.346158 196.201890 11 614.688843 183.465726 12 701.507465 208.170307 13 770.762526 266.036219 14 810.490182 347.064464
-0.919200 -0.741600 0.409700 15 0 331.952129 183.609346 1 443.119655 93.305878 2 581.430576 56.007005 3 722.964849 78.195762 4 843.220706 156.022237 5 921.428334 276.043800 6 944.038910 417.501824 7 907.186521 555.923016 8 817.207171 667.389523 9 689.667609 732.612888 10 546.627637 740.343754 11 412.814635 689.212397 12 311.373303 588.072279 13 259.831480 454.408215 14 267.113984 311.359975
-0.105400 0.906100 -0.798300 15 0 547.828842 808.795178 1 386.059329 752.242726 2 261.291875 634.770944 3 195.078180 476.698828 4 198.888855 305.378514 5 272.060358 150.416360 6 401.918883 38.596815 7 566.044695 -10.713856 8 736.041199 10.980317 9 882.501965 99.949266 10 980.119900 240.783562 11 1012.011988 409.152959 12 972.669030 575.948113 13 868.888821 712.314255 14 718.609480 794.681020
0.234300 0.903100 0.089200 15 0 678.660735 691.350826 1 553.361947 698.158080 2 436.112365 653.415408 3 347.215976 564.842522 4 302.021594 447.785254 5 308.344516 322.451745 6 365.105969 210.534353 7 462.478304 131.374341 8 583.628718 98.664181 9 707.620889 118.054947 10 812.980049 186.204629 11 881.546484 291.308367 12 901.413231 415.222252 13 869.154406 536.495697 14 790.377116 634.169899
0.906500 -0.760600 -0.106900 15 0 909.838760 136.102518 1 990.391325 284.931092 2 1003.442436 453.676318 3 946.739970 613.137489 4 830.060916 735.740903 5 673.622366 800.287201 6 504.456743 795.617102 7 351.787965 722.564568 8 242.053810 593.707655 9 194.208029 431.376777 10 216.529974 263.613381 11 305.160533 119.442606 12 444.755799 23.768014 13 611.217420 -6.846044 14 775.725955 32.878920
-0.648800 -0.821500 0.652900 15 0 423.761489 176.674287 1 529.831460 124.295963 2 648.032444 119.596102 3 757.924440 163.373623 4 840.513001 248.072853 5 881.511625 359.017927 6 873.843959 477.065642 7 818.819827 581.795763 8 725.969333 655.087642 9 611.320983 684.266713 10 494.715486 664.283486 11 396.331381 598.625195 12 333.143029 498.612335 13 316.114527 381.555335 14 348.167917 267.667634
0.239100 -0.031100 -0.304000 15 0 686.241853 386.619900 1 684.237366 422.854558 2 667.660438 455.128380 3 639.383274 477.889362 4 604.289192 487.165386 5 568.457554 481.383217 6 538.084815 461.520040 7 518.419876 431.020468 8 512.849453 395.155534 9 522.353473 360.131047 10 545.288092 331.999383 11 577.667019 315.617702 12 613.930386 313.838051 13 647.762473 326.960504 14 673.349435 352.693067
-0.671400 0.840700 0.964500 15 0 430.938859 610.441331 1 359.964240 523.487705 2 330.472285 415.185764 3 347.601560 304.244318 4 408.373901 209.855246 5 502.269891 148.364604 6 613.075294 130.366667 7 721.622675 159.002584 8 809.119405 229.301881 9 860.470246 329.109131 10 866.787049 441.185165 11 826.966466 546.141328 12 747.912740 625.817153 13 643.260435 666.448100 14 531.150153 661.017623
0.970500 -0.391200 0.059100 15 0 917.898128 270.551048 1 943.074498 411.044608 2 908.903361 549.639403 3 821.338960 662.343866 4 695.512030 729.682358 5 553.151138 740.024899 6 418.893677 691.577709 7 315.963554 592.702098 8 262.130055 460.512350 9 266.731449 317.873678 10 328.953834 189.416152 11 438.034025 97.363183 12 575.128186 57.658199 13 716.520484 77.145484 14 837.765421 152.453264
-0.825300 0.336100 0.827500 15 0 381.987842 485.832303 1 365.936086 389.749594 2 390.329981 295.428559 3 450.995591 219.200356 4 537.410152 174.224131 5 634.665243 168.288574 6 725.914252 202.410077 7 795.399778 270.708692 8 831.081540 361.355384 9 826.834073 458.700516 10 783.353414 545.874123 11 708.163961 607.832629 12 614.273841 633.868649 13 517.914269 619.440261 14 435.746774 567.095554
0.352900 -0.566200 0.737900 15 0 691.558935 251.040311 1 744.229621 301.156053 2 771.965127 368.379010 3 769.964758 441.042429 4 738.567898 506.627880 5 683.223815 553.771985 6 613.477035 574.336839 7 541.415160 564.732476 8 479.457871 526.675285 9 438.364658 466.691107 10 425.210050 395.183304 11 442.281644 324.503408 12 486.623013 266.882814 13 550.561671 232.280086 14 623.060244 226.674613
0.938400 -0.815600 -0.252400 15 0 939.020964 105.983711 1 1029.292150 269.309030 2 1045.332105 455.209747 3 984.383102 631.580384 4 856.970031 767.898883 5 685.118017 840.600246 6 498.535353 837.128341 7 329.519937 758.073360 8 207.250435 617.107732 9 152.916723 438.586171 10 175.874519 253.413844 11 272.166897 93.576430 12 425.144858 -13.277207 13 608.355263 -48.668916 14 790.128146 -6.480954
0.001100 0.813500 0.169700 15 0 599.367789 658.456512 1 494.301015 635.863107 2 407.505555 572.471481 3 353.983225 479.258264 4 343.015209 372.352066 5 376.473954 270.226900 6 448.596021 190.533237 7 546.888807 147.049666 8 654.363663 147.322262 9 752.437027 191.269334 10 824.161157 271.310788 11 857.105564 373.611756 12 845.608438 480.472353 13 791.645712 573.419673 14 704.549864 636.378900
-0.225300 -0.239800 -0.299600 15 0 512.827928 310.974928 1 556.579749 283.224502 2 607.828772 275.659587 3 657.721156 289.584913 4 697.646552 322.609638 5 720.683036 369.026466 6 722.844911 420.779327 7 703.759841 468.958288 8 666.754723 505.192120 9 618.194918 523.256807 10 566.488036 519.994305 11 520.581440 495.997171 12 488.399987 455.396825 13 475.513821 405.219467 14 484.159030 354.125755
-0.199500 -0.436900 -0.733600 15 0 512.258096 208.633675 1 597.671554 189.498954 2 683.501231 206.756301 3 754.878271 257.418438 4 799.479235 332.741118 5 809.582963 419.694975 6 783.454202 503.230244 7 725.602791 568.943400 8 646.048750 605.424585 9 558.509852 606.389244 10 478.141842 571.664650 11 418.865844 507.266002 12 390.891579 424.308199 13 399.091879 337.170777 14 442.019713 260.864137
-0.148400 0.802700 -0.780400 15 0 529.024165 759.839975 1 388.797239 699.861525 2 285.086402 588.040577 3 235.845343 443.699683 4 249.557818 291.803055 5 323.857380 158.604055 6 445.914857 67.161314 7 594.609782 33.262921 8 744.235551 62.788988 9 868.929720 150.612027 10 947.122855 281.549270 11 965.290904 432.984561 12 920.285215 578.700501 13 819.909606 693.532029 14 681.515163 757.590418
-0.041800 -0.451800 -0.258000 15 0 582.437283 235.348474 1 650.932101 242.446716 2 710.602017 276.776478 3 751.158273 332.424129 4 765.586579 399.747648 5 751.385401 467.110207 6 710.997786 522.886326 7 651.402860 557.402959 8 582.948383 564.703314 9 517.422735 543.535709 10 466.184816 497.538619 11 438.081913 434.683958 12 437.974124 365.822363 13 465.891044 302.880258 14 516.988487 256.731243
0.169500 -0.853500 0.369500 15 0 650.068574 145.778178 1 749.144236 188.124504 2 822.434925 267.097319 3 857.256441 369.065787 4 847.600900 476.370621 5 795.131266 570.485831 6 708.922396 635.096800 7 603.872337 659.087642 8 498.171893 638.246371 9 410.060250 576.238096 10 354.801760 483.746391 11 341.934668 376.775095 12 373.702439 273.810239 13 444.585867 192.681841 14 542.346250 147.392183
0.700300 0.606600 0.152000 15 0 822.324144 590.198462 1 725.739599 664.185244 2 607.419040 692.495309 3 487.799868 670.216459 4 387.602763 601.238421 5 324.113361 497.430926 6 308.334923 376.810449 7 342.978617 260.180983 8 422.083406 167.720101 9 531.923321 115.446023 10 653.551295 112.353211 11 765.923578 158.999107 12 849.599943 247.332308 13 890.119426 362.046941 14 880.475316 483.330157
-0.953300 -0.232400 0.775700 15 0 349.596222 338.456838 1 396.277503 241.940026 2 478.182005 172.744045 3 581.143955 142.850936 4 687.366053 157.401049 5 778.488810 213.919907 6 838.739639 302.609681 7 857.716649 408.129152 8 832.124018 512.251745 9 766.408739 596.964141 10 671.909268 647.628754 11 564.970158 655.463593 12 464.100245 619.123103 13 386.709227 544.895719 14 346.224109 445.631210
-0.955300 -0.667300 0.621400 15 0 334.639755 214.613951 1 432.982235 122.702478 2 560.215377 78.741236 3 694.309604 90.348141 4 812.116616 155.475955 5 893.227552 262.892119 6 923.639374 394.014882 7 898.096139 526.166519 8 821.018680 636.502341 9 705.706783 705.955280 10 572.132194 722.505230 11 443.360591 683.285240 12 341.677785 595.089445 13 284.663616 473.150018 14 282.175301 338.568064
-0.609100 0.276200 0.820600 15 0 440.730419 473.729628 1 424.501844 402.571599 2 438.637213 330.978056 3 480.661444 271.298568 4 543.318147 233.893455 5 615.778635 225.190564 6 685.509398 246.719444 7 740.470877 294.761938 8 771.123968 360.995532 9 772.198129 433.966054 10 743.501945 501.068308 11 689.978359 550.690757 12 620.896510 574.275206 13 548.225387 567.706900 14 484.488424 532.139991
-0.418700 -0.408800 -0.247300 15 0 450.706018 249.973838 1 524.629046 202.231392 2 611.586287 188.677515 3 696.540484 211.661112 4 764.800377 267.213522 5 804.565480 345.716092 6 808.951571 433.620594 7 777.215930 515.706519 8 714.844771 577.775791 9 632.591444 609.127391 10 544.718102 604.305370 11 466.407183 564.164014 12 411.189783 495.632665 13 388.625946 410.565997 14 402.591979 323.681887
-0.141700 -0.560300 -0.019500 15 0 554.586922 211.639976 1 635.120905 209.444347 2 709.591653 240.209347 3 765.119582 298.601545 4 792.086257 374.527058 5 785.830850 454.850293 6 747.442953 525.690646 7 683.575836 574.811169 8 605.255643 593.695759 9 526.025531 579.078149 10 459.569528 533.508931 11 417.408242 464.843107 12 406.818112 384.983484 13 429.644975 307.708196 14 481.893412 246.383193
